"Country","Year","Net immigration Total Total","Net immigration Total Males","Net immigration Total Females","Net immigration Icelandic citizenship Total","Net immigration Icelandic citizenship Males","Net immigration Icelandic citizenship Females","Net immigration Foreign citizenship Total","Net immigration Foreign citizenship Males","Net immigration Foreign citizenship Females","Immigration Total Total","Immigration Total Males","Immigration Total Females","Immigration Icelandic citizenship Total","Immigration Icelandic citizenship Males","Immigration Icelandic citizenship Females","Immigration Foreign citizenship Total","Immigration Foreign citizenship Males","Immigration Foreign citizenship Females","Emigration Total Total","Emigration Total Males","Emigration Total Females","Emigration Icelandic citizenship Total","Emigration Icelandic citizenship Males","Emigration Icelandic citizenship Females","Emigration Foreign citizenship Total","Emigration Foreign citizenship Males","Emigration Foreign citizenship Females"
"Total","2004",530,536,-6,-438,-148,-290,968,684,284,5350,3011,2339,2838,1455,1383,2512,1556,956,4820,2475,2345,3276,1603,1673,1544,872,672
"Total","2005",3860,2787,1073,118,126,-8,3742,2661,1081,7773,4782,2991,3093,1574,1519,4680,3208,1472,3913,1995,1918,2975,1448,1527,938,547,391
"Total","2006",5255,4069,1186,-280,-117,-163,5535,4186,1349,9832,6541,3291,2762,1405,1357,7070,5136,1934,4577,2472,2105,3042,1522,1520,1535,950,585
"Total","2007",5132,2953,2179,-167,-36,-131,5299,2989,2310,12546,7915,4631,3228,1651,1577,9318,6264,3054,7414,4962,2452,3395,1687,1708,4019,3275,744
"Total","2008",1144,-277,1421,-477,-248,-229,1621,-29,1650,10288,5959,4329,2817,1419,1398,7471,4540,2931,9144,6236,2908,3294,1667,1627,5850,4569,1281
"Total","2009",-4835,-3689,-1146,-2466,-1415,-1051,-2369,-2274,-95,5777,2982,2795,2385,1221,1164,3392,1761,1631,10612,6671,3941,4851,2636,2215,5761,4035,1726
"Total","2010",-2134,-1428,-706,-1703,-844,-859,-431,-584,153,5625,2965,2660,2637,1428,1209,2988,1537,1451,7759,4393,3366,4340,2272,2068,3419,2121,1298
"Total","2011",-1404,-986,-418,-1311,-691,-620,-93,-295,202,5578,2842,2736,2824,1465,1359,2754,1377,1377,6982,3828,3154,4135,2156,1979,2847,1672,1175
"Total","2012",-319,-300,-19,-936,-506,-430,617,206,411,5957,3047,2910,3130,1609,1521,2827,1438,1389,6276,3347,2929,4066,2115,1951,2210,1232,978
"Total","2013",1598,819,779,-36,-41,5,1634,860,774,7071,3689,3382,3139,1623,1516,3932,2066,1866,5473,2870,2603,3175,1664,1511,2298,1206,1092
"Total","2014",1113,700,413,-760,-344,-416,1873,1044,829,6988,3815,3173,2640,1406,1234,4348,2409,1939,5875,3115,2760,3400,1750,1650,2475,1365,1110
"Total","2015",1451,1009,442,-1265,-581,-684,2716,1590,1126,7461,4178,3283,2498,1362,1136,4963,2816,2147,6010,3169,2841,3763,1943,1820,2247,1226,1021
"Total","2016",4069,2899,1170,-146,48,-194,4215,2851,1364,10958,6467,4491,3099,1633,1466,7859,4834,3025,6889,3568,3321,3245,1585,1660,3644,1983,1661
"Total","2017",8240,5567,2673,352,258,94,7888,5309,2579,14929,9259,5670,3171,1645,1526,11758,7614,4144,6689,3692,2997,2819,1387,1432,3870,2305,1565
"Total","2018",6556,4138,2418,-65,-7,-58,6621,4145,2476,14275,8639,5636,2738,1416,1322,11537,7223,4314,7719,4501,3218,2803,1423,1380,4916,3078,1838
"Total","2019",4961,2974,1987,-175,-66,-109,5136,3040,2096,12006,6937,5069,2460,1263,1197,9546,5674,3872,7045,3963,3082,2635,1329,1306,4410,2634,1776
"Andorra","2004",-1,-1,0,0,0,0,-1,-1,0,0,0,0,0,0,0,0,0,0,1,1,0,0,0,0,1,1,0
"Andorra","2005",9,4,5,9,4,5,0,0,0,9,4,5,9,4,5,0,0,0,0,0,0,0,0,0,0,0,0
"Andorra","2006",0,0,0,0,0,0,0,0,0,0,0,0,0,0,0,0,0,0,0,0,0,0,0,0,0,0,0
"Andorra","2007",-1,-1,0,0,0,0,-1,-1,0,0,0,0,0,0,0,0,0,0,1,1,0,0,0,0,1,1,0
"Andorra","2008",0,0,0,0,0,0,0,0,0,0,0,0,0,0,0,0,0,0,0,0,0,0,0,0,0,0,0
"Andorra","2009",1,1,0,0,0,0,1,1,0,1,1,0,0,0,0,1,1,0,0,0,0,0,0,0,0,0,0
"Andorra","2010",0,0,0,0,0,0,0,0,0,0,0,0,0,0,0,0,0,0,0,0,0,0,0,0,0,0,0
"Andorra","2011",2,1,1,0,0,0,2,1,1,2,1,1,0,0,0,2,1,1,0,0,0,0,0,0,0,0,0
"Andorra","2012",-1,0,-1,-1,0,-1,0,0,0,0,0,0,0,0,0,0,0,0,1,0,1,1,0,1,0,0,0
"Andorra","2013",-1,-1,0,0,0,0,-1,-1,0,0,0,0,0,0,0,0,0,0,1,1,0,0,0,0,1,1,0
"Andorra","2014",0,0,0,0,0,0,0,0,0,0,0,0,0,0,0,0,0,0,0,0,0,0,0,0,0,0,0
"Andorra","2015",0,0,0,0,0,0,0,0,0,0,0,0,0,0,0,0,0,0,0,0,0,0,0,0,0,0,0
"Andorra","2016",-4,-3,-1,0,0,0,-4,-3,-1,0,0,0,0,0,0,0,0,0,4,3,1,0,0,0,4,3,1
"Andorra","2017",1,0,1,0,0,0,1,0,1,1,0,1,0,0,0,1,0,1,0,0,0,0,0,0,0,0,0
"Andorra","2018",-1,0,-1,0,0,0,-1,0,-1,0,0,0,0,0,0,0,0,0,1,0,1,0,0,0,1,0,1
"Andorra","2019",1,0,1,0,0,0,1,0,1,1,0,1,0,0,0,1,0,1,0,0,0,0,0,0,0,0,0
"United Arab Emirates","2004",-1,-1,0,-1,-1,0,0,0,0,1,1,0,1,1,0,0,0,0,2,2,0,2,2,0,0,0,0
"United Arab Emirates","2005",-4,-4,0,-4,-4,0,0,0,0,2,1,1,2,1,1,0,0,0,6,5,1,6,5,1,0,0,0
"United Arab Emirates","2006",1,1,0,1,1,0,0,0,0,3,3,0,3,3,0,0,0,0,2,2,0,2,2,0,0,0,0
"United Arab Emirates","2007",-7,-2,-5,-7,-2,-5,0,0,0,2,2,0,2,2,0,0,0,0,9,4,5,9,4,5,0,0,0
"United Arab Emirates","2008",-3,-3,0,-2,-2,0,-1,-1,0,1,1,0,1,1,0,0,0,0,4,4,0,3,3,0,1,1,0
"United Arab Emirates","2009",-10,-9,-1,-10,-9,-1,0,0,0,5,1,4,5,1,4,0,0,0,15,10,5,15,10,5,0,0,0
"United Arab Emirates","2010",-12,-5,-7,-12,-5,-7,0,0,0,4,3,1,4,3,1,0,0,0,16,8,8,16,8,8,0,0,0
"United Arab Emirates","2011",-5,0,-5,-4,0,-4,-1,0,-1,5,4,1,5,4,1,0,0,0,10,4,6,9,4,5,1,0,1
"United Arab Emirates","2012",-10,-7,-3,-10,-7,-3,0,0,0,5,1,4,5,1,4,0,0,0,15,8,7,15,8,7,0,0,0
"United Arab Emirates","2013",0,-4,4,0,-4,4,0,0,0,9,3,6,9,3,6,0,0,0,9,7,2,9,7,2,0,0,0
"United Arab Emirates","2014",3,-2,5,3,-2,5,0,0,0,18,8,10,18,8,10,0,0,0,15,10,5,15,10,5,0,0,0
"United Arab Emirates","2015",-6,-2,-4,-5,-1,-4,-1,-1,0,6,5,1,6,5,1,0,0,0,12,7,5,11,6,5,1,1,0
"United Arab Emirates","2016",6,4,2,6,4,2,0,0,0,11,7,4,11,7,4,0,0,0,5,3,2,5,3,2,0,0,0
"United Arab Emirates","2017",18,12,6,16,10,6,2,2,0,20,12,8,18,10,8,2,2,0,2,0,2,2,0,2,0,0,0
"United Arab Emirates","2018",7,5,2,4,2,2,3,3,0,12,8,4,9,5,4,3,3,0,5,3,2,5,3,2,0,0,0
"United Arab Emirates","2019",14,7,7,9,5,4,5,2,3,15,8,7,9,5,4,6,3,3,1,1,0,0,0,0,1,1,0
"Afghanistan","2004",0,0,0,0,0,0,0,0,0,0,0,0,0,0,0,0,0,0,0,0,0,0,0,0,0,0,0
"Afghanistan","2005",0,0,0,0,0,0,0,0,0,0,0,0,0,0,0,0,0,0,0,0,0,0,0,0,0,0,0
"Afghanistan","2006",1,1,0,0,0,0,1,1,0,1,1,0,0,0,0,1,1,0,0,0,0,0,0,0,0,0,0
"Afghanistan","2007",-1,0,-1,0,0,0,-1,0,-1,0,0,0,0,0,0,0,0,0,1,0,1,0,0,0,1,0,1
"Afghanistan","2008",-1,-1,0,-1,-1,0,0,0,0,0,0,0,0,0,0,0,0,0,1,1,0,1,1,0,0,0,0
"Afghanistan","2009",2,2,0,1,1,0,1,1,0,2,2,0,1,1,0,1,1,0,0,0,0,0,0,0,0,0,0
"Afghanistan","2010",0,-1,1,-1,-1,0,1,0,1,2,1,1,0,0,0,2,1,1,2,2,0,1,1,0,1,1,0
"Afghanistan","2011",2,1,1,0,0,0,2,1,1,2,1,1,0,0,0,2,1,1,0,0,0,0,0,0,0,0,0
"Afghanistan","2012",4,1,3,0,0,0,4,1,3,4,1,3,0,0,0,4,1,3,0,0,0,0,0,0,0,0,0
"Afghanistan","2013",1,1,0,1,1,0,0,0,0,1,1,0,1,1,0,0,0,0,0,0,0,0,0,0,0,0,0
"Afghanistan","2014",8,6,2,0,0,0,8,6,2,9,6,3,0,0,0,9,6,3,1,0,1,0,0,0,1,0,1
"Afghanistan","2015",6,3,3,0,0,0,6,3,3,6,3,3,0,0,0,6,3,3,0,0,0,0,0,0,0,0,0
"Afghanistan","2016",7,5,2,0,0,0,7,5,2,9,6,3,0,0,0,9,6,3,2,1,1,0,0,0,2,1,1
"Afghanistan","2017",35,23,12,0,0,0,35,23,12,36,23,13,0,0,0,36,23,13,1,0,1,0,0,0,1,0,1
"Afghanistan","2018",33,18,15,0,0,0,33,18,15,34,18,16,0,0,0,34,18,16,1,0,1,0,0,0,1,0,1
"Afghanistan","2019",43,31,12,0,0,0,43,31,12,44,31,13,0,0,0,44,31,13,1,0,1,0,0,0,1,0,1
"Antigua and Barbuda","2004",0,0,0,0,0,0,0,0,0,0,0,0,0,0,0,0,0,0,0,0,0,0,0,0,0,0,0
"Antigua and Barbuda","2005",0,0,0,0,0,0,0,0,0,0,0,0,0,0,0,0,0,0,0,0,0,0,0,0,0,0,0
"Antigua and Barbuda","2006",0,0,0,0,0,0,0,0,0,0,0,0,0,0,0,0,0,0,0,0,0,0,0,0,0,0,0
"Antigua and Barbuda","2007",0,0,0,0,0,0,0,0,0,0,0,0,0,0,0,0,0,0,0,0,0,0,0,0,0,0,0
"Antigua and Barbuda","2008",0,0,0,0,0,0,0,0,0,0,0,0,0,0,0,0,0,0,0,0,0,0,0,0,0,0,0
"Antigua and Barbuda","2009",0,0,0,0,0,0,0,0,0,0,0,0,0,0,0,0,0,0,0,0,0,0,0,0,0,0,0
"Antigua and Barbuda","2010",0,0,0,0,0,0,0,0,0,0,0,0,0,0,0,0,0,0,0,0,0,0,0,0,0,0,0
"Antigua and Barbuda","2011",0,0,0,0,0,0,0,0,0,0,0,0,0,0,0,0,0,0,0,0,0,0,0,0,0,0,0
"Antigua and Barbuda","2012",1,0,1,0,0,0,1,0,1,1,0,1,0,0,0,1,0,1,0,0,0,0,0,0,0,0,0
"Antigua and Barbuda","2013",0,0,0,0,0,0,0,0,0,0,0,0,0,0,0,0,0,0,0,0,0,0,0,0,0,0,0
"Antigua and Barbuda","2014",0,0,0,0,0,0,0,0,0,0,0,0,0,0,0,0,0,0,0,0,0,0,0,0,0,0,0
"Antigua and Barbuda","2015",1,1,0,0,0,0,1,1,0,1,1,0,0,0,0,1,1,0,0,0,0,0,0,0,0,0,0
"Antigua and Barbuda","2016",-1,-1,0,0,0,0,-1,-1,0,0,0,0,0,0,0,0,0,0,1,1,0,0,0,0,1,1,0
"Antigua and Barbuda","2017",0,0,0,0,0,0,0,0,0,0,0,0,0,0,0,0,0,0,0,0,0,0,0,0,0,0,0
"Antigua and Barbuda","2018",0,0,0,0,0,0,0,0,0,0,0,0,0,0,0,0,0,0,0,0,0,0,0,0,0,0,0
"Antigua and Barbuda","2019",0,0,0,0,0,0,0,0,0,0,0,0,0,0,0,0,0,0,0,0,0,0,0,0,0,0,0
"Albania","2004",2,1,1,1,0,1,1,1,0,4,2,2,2,0,2,2,2,0,2,1,1,1,0,1,1,1,0
"Albania","2005",2,1,1,0,0,0,2,1,1,2,1,1,0,0,0,2,1,1,0,0,0,0,0,0,0,0,0
"Albania","2006",1,1,0,-1,0,-1,2,1,1,2,1,1,0,0,0,2,1,1,1,0,1,1,0,1,0,0,0
"Albania","2007",5,2,3,3,1,2,2,1,1,7,3,4,4,1,3,3,2,1,2,1,1,1,0,1,1,1,0
"Albania","2008",0,1,-1,0,0,0,0,1,-1,1,1,0,0,0,0,1,1,0,1,0,1,0,0,0,1,0,1
"Albania","2009",6,2,4,0,0,0,6,2,4,6,2,4,0,0,0,6,2,4,0,0,0,0,0,0,0,0,0
"Albania","2010",1,0,1,0,0,0,1,0,1,1,0,1,0,0,0,1,0,1,0,0,0,0,0,0,0,0,0
"Albania","2011",1,0,1,0,0,0,1,0,1,1,0,1,0,0,0,1,0,1,0,0,0,0,0,0,0,0,0
"Albania","2012",-1,-1,0,0,0,0,-1,-1,0,0,0,0,0,0,0,0,0,0,1,1,0,0,0,0,1,1,0
"Albania","2013",4,3,1,0,0,0,4,3,1,4,3,1,0,0,0,4,3,1,0,0,0,0,0,0,0,0,0
"Albania","2014",2,4,-2,0,0,0,2,4,-2,4,4,0,0,0,0,4,4,0,2,0,2,0,0,0,2,0,2
"Albania","2015",8,7,1,0,0,0,8,7,1,8,7,1,0,0,0,8,7,1,0,0,0,0,0,0,0,0,0
"Albania","2016",30,17,13,3,1,2,27,16,11,32,19,13,4,2,2,28,17,11,2,2,0,1,1,0,1,1,0
"Albania","2017",42,30,12,0,0,0,42,30,12,44,32,12,0,0,0,44,32,12,2,2,0,0,0,0,2,2,0
"Albania","2018",40,28,12,0,0,0,40,28,12,44,31,13,0,0,0,44,31,13,4,3,1,0,0,0,4,3,1
"Albania","2019",24,17,7,0,0,0,24,17,7,30,22,8,0,0,0,30,22,8,6,5,1,0,0,0,6,5,1
"Armenia","2004",0,0,0,0,0,0,0,0,0,0,0,0,0,0,0,0,0,0,0,0,0,0,0,0,0,0,0
"Armenia","2005",0,0,0,0,0,0,0,0,0,0,0,0,0,0,0,0,0,0,0,0,0,0,0,0,0,0,0
"Armenia","2006",2,1,1,0,0,0,2,1,1,2,1,1,0,0,0,2,1,1,0,0,0,0,0,0,0,0,0
"Armenia","2007",1,0,1,0,0,0,1,0,1,1,0,1,0,0,0,1,0,1,0,0,0,0,0,0,0,0,0
"Armenia","2008",1,0,1,0,0,0,1,0,1,1,0,1,0,0,0,1,0,1,0,0,0,0,0,0,0,0,0
"Armenia","2009",-1,0,-1,0,0,0,-1,0,-1,0,0,0,0,0,0,0,0,0,1,0,1,0,0,0,1,0,1
"Armenia","2010",0,0,0,0,0,0,0,0,0,0,0,0,0,0,0,0,0,0,0,0,0,0,0,0,0,0,0
"Armenia","2011",0,0,0,0,0,0,0,0,0,0,0,0,0,0,0,0,0,0,0,0,0,0,0,0,0,0,0
"Armenia","2012",0,0,0,0,0,0,0,0,0,0,0,0,0,0,0,0,0,0,0,0,0,0,0,0,0,0,0
"Armenia","2013",0,0,0,0,0,0,0,0,0,0,0,0,0,0,0,0,0,0,0,0,0,0,0,0,0,0,0
"Armenia","2014",2,2,0,0,0,0,2,2,0,2,2,0,0,0,0,2,2,0,0,0,0,0,0,0,0,0,0
"Armenia","2015",0,0,0,0,0,0,0,0,0,0,0,0,0,0,0,0,0,0,0,0,0,0,0,0,0,0,0
"Armenia","2016",0,0,0,0,0,0,0,0,0,0,0,0,0,0,0,0,0,0,0,0,0,0,0,0,0,0,0
"Armenia","2017",0,-1,1,0,0,0,0,-1,1,1,0,1,0,0,0,1,0,1,1,1,0,0,0,0,1,1,0
"Armenia","2018",2,2,0,0,0,0,2,2,0,2,2,0,0,0,0,2,2,0,0,0,0,0,0,0,0,0,0
"Armenia","2019",-1,-1,0,0,0,0,-1,-1,0,2,1,1,0,0,0,2,1,1,3,2,1,0,0,0,3,2,1
"Netherlands Antilles","2004",1,1,0,1,1,0,0,0,0,1,1,0,1,1,0,0,0,0,0,0,0,0,0,0,0,0,0
"Netherlands Antilles","2005",0,0,0,0,0,0,0,0,0,0,0,0,0,0,0,0,0,0,0,0,0,0,0,0,0,0,0
"Netherlands Antilles","2006",0,0,0,0,0,0,0,0,0,0,0,0,0,0,0,0,0,0,0,0,0,0,0,0,0,0,0
"Netherlands Antilles","2007",0,0,0,0,0,0,0,0,0,0,0,0,0,0,0,0,0,0,0,0,0,0,0,0,0,0,0
"Netherlands Antilles","2008",0,0,0,0,0,0,0,0,0,0,0,0,0,0,0,0,0,0,0,0,0,0,0,0,0,0,0
"Netherlands Antilles","2009",0,0,0,0,0,0,0,0,0,0,0,0,0,0,0,0,0,0,0,0,0,0,0,0,0,0,0
"Netherlands Antilles","2010",0,0,0,0,0,0,0,0,0,0,0,0,0,0,0,0,0,0,0,0,0,0,0,0,0,0,0
"Netherlands Antilles","2011",-3,-1,-2,-2,-1,-1,-1,0,-1,0,0,0,0,0,0,0,0,0,3,1,2,2,1,1,1,0,1
"Netherlands Antilles","2012",0,0,0,0,0,0,0,0,0,0,0,0,0,0,0,0,0,0,0,0,0,0,0,0,0,0,0
"Netherlands Antilles","2013",0,0,0,0,0,0,0,0,0,0,0,0,0,0,0,0,0,0,0,0,0,0,0,0,0,0,0
"Netherlands Antilles","2014",2,0,2,1,0,1,1,0,1,2,0,2,1,0,1,1,0,1,0,0,0,0,0,0,0,0,0
"Netherlands Antilles","2015",1,1,0,1,1,0,0,0,0,1,1,0,1,1,0,0,0,0,0,0,0,0,0,0,0,0,0
"Netherlands Antilles","2016",0,0,0,0,0,0,0,0,0,0,0,0,0,0,0,0,0,0,0,0,0,0,0,0,0,0,0
"Netherlands Antilles","2017",0,0,0,0,0,0,0,0,0,0,0,0,0,0,0,0,0,0,0,0,0,0,0,0,0,0,0
"Netherlands Antilles","2018",0,0,0,0,0,0,0,0,0,0,0,0,0,0,0,0,0,0,0,0,0,0,0,0,0,0,0
"Netherlands Antilles","2019",0,0,0,0,0,0,0,0,0,0,0,0,0,0,0,0,0,0,0,0,0,0,0,0,0,0,0
"Angola","2004",0,1,-1,0,0,0,0,1,-1,1,1,0,0,0,0,1,1,0,1,0,1,0,0,0,1,0,1
"Angola","2005",2,1,1,1,1,0,1,0,1,2,1,1,1,1,0,1,0,1,0,0,0,0,0,0,0,0,0
"Angola","2006",1,0,1,0,0,0,1,0,1,1,0,1,0,0,0,1,0,1,0,0,0,0,0,0,0,0,0
"Angola","2007",-1,-1,0,0,0,0,-1,-1,0,0,0,0,0,0,0,0,0,0,1,1,0,0,0,0,1,1,0
"Angola","2008",-1,-1,0,-1,-1,0,0,0,0,1,1,0,1,1,0,0,0,0,2,2,0,2,2,0,0,0,0
"Angola","2009",1,1,0,0,0,0,1,1,0,2,2,0,0,0,0,2,2,0,1,1,0,0,0,0,1,1,0
"Angola","2010",0,1,-1,1,1,0,-1,0,-1,1,1,0,1,1,0,0,0,0,1,0,1,0,0,0,1,0,1
"Angola","2011",0,0,0,0,0,0,0,0,0,0,0,0,0,0,0,0,0,0,0,0,0,0,0,0,0,0,0
"Angola","2012",2,2,0,1,1,0,1,1,0,2,2,0,1,1,0,1,1,0,0,0,0,0,0,0,0,0,0
"Angola","2013",0,0,0,0,0,0,0,0,0,0,0,0,0,0,0,0,0,0,0,0,0,0,0,0,0,0,0
"Angola","2014",0,0,0,0,0,0,0,0,0,0,0,0,0,0,0,0,0,0,0,0,0,0,0,0,0,0,0
"Angola","2015",0,0,0,0,0,0,0,0,0,0,0,0,0,0,0,0,0,0,0,0,0,0,0,0,0,0,0
"Angola","2016",1,1,0,0,0,0,1,1,0,1,1,0,0,0,0,1,1,0,0,0,0,0,0,0,0,0,0
"Angola","2017",0,0,0,0,0,0,0,0,0,1,1,0,0,0,0,1,1,0,1,1,0,0,0,0,1,1,0
"Angola","2018",0,-1,1,0,0,0,0,-1,1,1,0,1,0,0,0,1,0,1,1,1,0,0,0,0,1,1,0
"Angola","2019",1,1,0,0,0,0,1,1,0,1,1,0,0,0,0,1,1,0,0,0,0,0,0,0,0,0,0
"Argentina","2004",-2,-2,0,0,0,0,-2,-2,0,0,0,0,0,0,0,0,0,0,2,2,0,0,0,0,2,2,0
"Argentina","2005",18,12,6,0,0,0,18,12,6,18,12,6,0,0,0,18,12,6,0,0,0,0,0,0,0,0,0
"Argentina","2006",4,2,2,0,0,0,4,2,2,5,3,2,0,0,0,5,3,2,1,1,0,0,0,0,1,1,0
"Argentina","2007",-8,-6,-2,1,1,0,-9,-7,-2,5,3,2,1,1,0,4,2,2,13,9,4,0,0,0,13,9,4
"Argentina","2008",-2,0,-2,-1,0,-1,-1,0,-1,2,2,0,0,0,0,2,2,0,4,2,2,1,0,1,3,2,1
"Argentina","2009",3,3,0,2,1,1,1,2,-1,6,4,2,3,1,2,3,3,0,3,1,2,1,0,1,2,1,1
"Argentina","2010",3,2,1,0,0,0,3,2,1,4,3,1,0,0,0,4,3,1,1,1,0,0,0,0,1,1,0
"Argentina","2011",-6,-3,-3,-8,-5,-3,2,2,0,2,2,0,0,0,0,2,2,0,8,5,3,8,5,3,0,0,0
"Argentina","2012",2,0,2,0,0,0,2,0,2,4,2,2,0,0,0,4,2,2,2,2,0,0,0,0,2,2,0
"Argentina","2013",0,1,-1,0,0,0,0,1,-1,1,1,0,0,0,0,1,1,0,1,0,1,0,0,0,1,0,1
"Argentina","2014",12,8,4,4,3,1,8,5,3,12,8,4,4,3,1,8,5,3,0,0,0,0,0,0,0,0,0
"Argentina","2015",5,2,3,0,0,0,5,2,3,7,2,5,0,0,0,7,2,5,2,0,2,0,0,0,2,0,2
"Argentina","2016",9,7,2,5,3,2,4,4,0,13,8,5,5,3,2,8,5,3,4,1,3,0,0,0,4,1,3
"Argentina","2017",5,1,4,-1,-1,0,6,2,4,9,5,4,0,0,0,9,5,4,4,4,0,1,1,0,3,3,0
"Argentina","2018",6,5,1,-1,-1,0,7,6,1,8,6,2,0,0,0,8,6,2,2,1,1,1,1,0,1,0,1
"Argentina","2019",4,1,3,0,0,0,4,1,3,9,5,4,0,0,0,9,5,4,5,4,1,0,0,0,5,4,1
"Austria","2004",-2,0,-2,-6,-2,-4,4,2,2,20,5,15,4,2,2,16,3,13,22,5,17,10,4,6,12,1,11
"Austria","2005",-5,-1,-4,-11,-6,-5,6,5,1,23,9,14,10,4,6,13,5,8,28,10,18,21,10,11,7,0,7
"Austria","2006",15,7,8,-2,-1,-1,17,8,9,28,11,17,6,2,4,22,9,13,13,4,9,8,3,5,5,1,4
"Austria","2007",31,14,17,14,5,9,17,9,8,46,20,26,21,9,12,25,11,14,15,6,9,7,4,3,8,2,6
"Austria","2008",8,-3,11,-5,-1,-4,13,-2,15,44,15,29,7,4,3,37,11,26,36,18,18,12,5,7,24,13,11
"Austria","2009",-2,-3,1,-6,-4,-2,4,1,3,41,18,23,12,7,5,29,11,18,43,21,22,18,11,7,25,10,15
"Austria","2010",-9,-1,-8,-7,-3,-4,-2,2,-4,35,17,18,7,4,3,28,13,15,44,18,26,14,7,7,30,11,19
"Austria","2011",-18,-8,-10,-10,-4,-6,-8,-4,-4,19,5,14,5,2,3,14,3,11,37,13,24,15,6,9,22,7,15
"Austria","2012",-27,-14,-13,-15,-10,-5,-12,-4,-8,13,2,11,3,1,2,10,1,9,40,16,24,18,11,7,22,5,17
"Austria","2013",10,7,3,12,7,5,-2,0,-2,37,21,16,17,10,7,20,11,9,27,14,13,5,3,2,22,11,11
"Austria","2014",-7,-8,1,-14,-10,-4,7,2,5,31,13,18,10,6,4,21,7,14,38,21,17,24,16,8,14,5,9
"Austria","2015",-5,0,-5,-15,-7,-8,10,7,3,25,12,13,5,3,2,20,9,11,30,12,18,20,10,10,10,2,8
"Austria","2016",3,0,3,-4,-2,-2,7,2,5,48,18,30,10,5,5,38,13,25,45,18,27,14,7,7,31,11,20
"Austria","2017",18,8,10,-2,-1,-1,20,9,11,47,22,25,7,4,3,40,18,22,29,14,15,9,5,4,20,9,11
"Austria","2018",-4,-5,1,-5,-2,-3,1,-3,4,34,13,21,5,3,2,29,10,19,38,18,20,10,5,5,28,13,15
"Austria","2019",5,-1,6,-8,-6,-2,13,5,8,47,17,30,9,3,6,38,14,24,42,18,24,17,9,8,25,9,16
"Australia","2004",7,7,0,-1,1,-2,8,6,2,33,17,16,17,9,8,16,8,8,26,10,16,18,8,10,8,2,6
"Australia","2005",14,11,3,-6,-2,-4,20,13,7,50,28,22,15,8,7,35,20,15,36,17,19,21,10,11,15,7,8
"Australia","2006",19,15,4,10,6,4,9,9,0,40,23,17,18,9,9,22,14,8,21,8,13,8,3,5,13,5,8
"Australia","2007",-6,4,-10,-8,-2,-6,2,6,-4,35,27,8,12,8,4,23,19,4,41,23,18,20,10,10,21,13,8
"Australia","2008",-13,-15,2,7,-1,8,-20,-14,-6,32,14,18,22,7,15,10,7,3,45,29,16,15,8,7,30,21,9
"Australia","2009",-11,-6,-5,-7,-2,-5,-4,-4,0,15,5,10,5,1,4,10,4,6,26,11,15,12,3,9,14,8,6
"Australia","2010",-8,1,-9,-3,-1,-2,-5,2,-7,17,12,5,10,6,4,7,6,1,25,11,14,13,7,6,12,4,8
"Australia","2011",4,5,-1,-1,2,-3,5,3,2,33,19,14,15,8,7,18,11,7,29,14,15,16,6,10,13,8,5
"Australia","2012",9,11,-2,-8,2,-10,17,9,8,38,24,14,13,7,6,25,17,8,29,13,16,21,5,16,8,8,0
"Australia","2013",0,-3,3,-3,-5,2,3,2,1,31,18,13,15,6,9,16,12,4,31,21,10,18,11,7,13,10,3
"Australia","2014",-1,-3,2,-6,-4,-2,5,1,4,24,14,10,5,3,2,19,11,8,25,17,8,11,7,4,14,10,4
"Australia","2015",2,-5,7,-9,-8,-1,11,3,8,40,17,23,11,1,10,29,16,13,38,22,16,20,9,11,18,13,5
"Australia","2016",1,-2,3,-8,-5,-3,9,3,6,48,21,27,14,7,7,34,14,20,47,23,24,22,12,10,25,11,14
"Australia","2017",7,6,1,-4,0,-4,11,6,5,47,24,23,12,8,4,35,16,19,40,18,22,16,8,8,24,10,14
"Australia","2018",12,8,4,5,4,1,7,4,3,42,20,22,11,6,5,31,14,17,30,12,18,6,2,4,24,10,14
"Australia","2019",15,1,14,-1,-3,2,16,4,12,39,13,26,9,2,7,30,11,19,24,12,12,10,5,5,14,7,7
"Aruba","2004",0,0,0,0,0,0,0,0,0,0,0,0,0,0,0,0,0,0,0,0,0,0,0,0,0,0,0
"Aruba","2005",0,0,0,0,0,0,0,0,0,0,0,0,0,0,0,0,0,0,0,0,0,0,0,0,0,0,0
"Aruba","2006",0,0,0,0,0,0,0,0,0,0,0,0,0,0,0,0,0,0,0,0,0,0,0,0,0,0,0
"Aruba","2007",0,0,0,0,0,0,0,0,0,0,0,0,0,0,0,0,0,0,0,0,0,0,0,0,0,0,0
"Aruba","2008",0,0,0,0,0,0,0,0,0,0,0,0,0,0,0,0,0,0,0,0,0,0,0,0,0,0,0
"Aruba","2009",0,0,0,0,0,0,0,0,0,0,0,0,0,0,0,0,0,0,0,0,0,0,0,0,0,0,0
"Aruba","2010",0,0,0,0,0,0,0,0,0,0,0,0,0,0,0,0,0,0,0,0,0,0,0,0,0,0,0
"Aruba","2011",0,0,0,0,0,0,0,0,0,0,0,0,0,0,0,0,0,0,0,0,0,0,0,0,0,0,0
"Aruba","2012",0,0,0,0,0,0,0,0,0,0,0,0,0,0,0,0,0,0,0,0,0,0,0,0,0,0,0
"Aruba","2013",0,0,0,0,0,0,0,0,0,0,0,0,0,0,0,0,0,0,0,0,0,0,0,0,0,0,0
"Aruba","2014",0,0,0,0,0,0,0,0,0,0,0,0,0,0,0,0,0,0,0,0,0,0,0,0,0,0,0
"Aruba","2015",0,0,0,0,0,0,0,0,0,0,0,0,0,0,0,0,0,0,0,0,0,0,0,0,0,0,0
"Aruba","2016",0,0,0,0,0,0,0,0,0,0,0,0,0,0,0,0,0,0,0,0,0,0,0,0,0,0,0
"Aruba","2017",0,0,0,0,0,0,0,0,0,0,0,0,0,0,0,0,0,0,0,0,0,0,0,0,0,0,0
"Aruba","2018",0,0,0,0,0,0,0,0,0,0,0,0,0,0,0,0,0,0,0,0,0,0,0,0,0,0,0
"Aruba","2019",0,0,0,0,0,0,0,0,0,0,0,0,0,0,0,0,0,0,0,0,0,0,0,0,0,0,0
"Azerbaijan","2004",1,1,0,0,0,0,1,1,0,1,1,0,0,0,0,1,1,0,0,0,0,0,0,0,0,0,0
"Azerbaijan","2005",1,0,1,0,0,0,1,0,1,1,0,1,0,0,0,1,0,1,0,0,0,0,0,0,0,0,0
"Azerbaijan","2006",1,0,1,0,0,0,1,0,1,2,0,2,0,0,0,2,0,2,1,0,1,0,0,0,1,0,1
"Azerbaijan","2007",0,0,0,0,0,0,0,0,0,0,0,0,0,0,0,0,0,0,0,0,0,0,0,0,0,0,0
"Azerbaijan","2008",0,0,0,0,0,0,0,0,0,0,0,0,0,0,0,0,0,0,0,0,0,0,0,0,0,0,0
"Azerbaijan","2009",0,0,0,0,0,0,0,0,0,0,0,0,0,0,0,0,0,0,0,0,0,0,0,0,0,0,0
"Azerbaijan","2010",0,0,0,0,0,0,0,0,0,0,0,0,0,0,0,0,0,0,0,0,0,0,0,0,0,0,0
"Azerbaijan","2011",0,0,0,0,0,0,0,0,0,0,0,0,0,0,0,0,0,0,0,0,0,0,0,0,0,0,0
"Azerbaijan","2012",0,0,0,0,0,0,0,0,0,0,0,0,0,0,0,0,0,0,0,0,0,0,0,0,0,0,0
"Azerbaijan","2013",1,0,1,0,0,0,1,0,1,1,0,1,0,0,0,1,0,1,0,0,0,0,0,0,0,0,0
"Azerbaijan","2014",1,0,1,0,0,0,1,0,1,1,0,1,0,0,0,1,0,1,0,0,0,0,0,0,0,0,0
"Azerbaijan","2015",-3,-3,0,-3,-3,0,0,0,0,0,0,0,0,0,0,0,0,0,3,3,0,3,3,0,0,0,0
"Azerbaijan","2016",4,4,0,1,1,0,3,3,0,5,4,1,1,1,0,4,3,1,1,0,1,0,0,0,1,0,1
"Azerbaijan","2017",0,0,0,0,0,0,0,0,0,0,0,0,0,0,0,0,0,0,0,0,0,0,0,0,0,0,0
"Azerbaijan","2018",2,1,1,1,1,0,1,0,1,2,1,1,1,1,0,1,0,1,0,0,0,0,0,0,0,0,0
"Azerbaijan","2019",4,3,1,1,1,0,3,2,1,5,3,2,1,1,0,4,2,2,1,0,1,0,0,0,1,0,1
"Bosnia and Herzegovina","2004",5,3,2,0,0,0,5,3,2,7,4,3,0,0,0,7,4,3,2,1,1,0,0,0,2,1,1
"Bosnia and Herzegovina","2005",21,14,7,0,0,0,21,14,7,26,16,10,0,0,0,26,16,10,5,2,3,0,0,0,5,2,3
"Bosnia and Herzegovina","2006",18,9,9,0,0,0,18,9,9,18,9,9,0,0,0,18,9,9,0,0,0,0,0,0,0,0,0
"Bosnia and Herzegovina","2007",0,-1,1,0,0,0,0,-1,1,2,1,1,0,0,0,2,1,1,2,2,0,0,0,0,2,2,0
"Bosnia and Herzegovina","2008",1,-1,2,0,0,0,1,-1,2,6,2,4,0,0,0,6,2,4,5,3,2,0,0,0,5,3,2
"Bosnia and Herzegovina","2009",1,1,0,0,0,0,1,1,0,2,2,0,0,0,0,2,2,0,1,1,0,0,0,0,1,1,0
"Bosnia and Herzegovina","2010",-8,-5,-3,-5,-3,-2,-3,-2,-1,5,3,2,0,0,0,5,3,2,13,8,5,5,3,2,8,5,3
"Bosnia and Herzegovina","2011",1,1,0,0,0,0,1,1,0,1,1,0,0,0,0,1,1,0,0,0,0,0,0,0,0,0,0
"Bosnia and Herzegovina","2012",1,2,-1,0,0,0,1,2,-1,4,3,1,0,0,0,4,3,1,3,1,2,0,0,0,3,1,2
"Bosnia and Herzegovina","2013",8,3,5,0,0,0,8,3,5,9,4,5,0,0,0,9,4,5,1,1,0,0,0,0,1,1,0
"Bosnia and Herzegovina","2014",-2,-2,0,0,0,0,-2,-2,0,5,4,1,0,0,0,5,4,1,7,6,1,0,0,0,7,6,1
"Bosnia and Herzegovina","2015",8,2,6,0,0,0,8,2,6,12,6,6,0,0,0,12,6,6,4,4,0,0,0,0,4,4,0
"Bosnia and Herzegovina","2016",5,3,2,1,1,0,4,2,2,8,6,2,1,1,0,7,5,2,3,3,0,0,0,0,3,3,0
"Bosnia and Herzegovina","2017",37,35,2,0,0,0,37,35,2,39,37,2,0,0,0,39,37,2,2,2,0,0,0,0,2,2,0
"Bosnia and Herzegovina","2018",-7,-15,8,0,0,0,-7,-15,8,38,29,9,0,0,0,38,29,9,45,44,1,0,0,0,45,44,1
"Bosnia and Herzegovina","2019",34,28,6,0,0,0,34,28,6,37,30,7,0,0,0,37,30,7,3,2,1,0,0,0,3,2,1
"Barbados","2004",0,0,0,0,0,0,0,0,0,1,1,0,1,1,0,0,0,0,1,1,0,1,1,0,0,0,0
"Barbados","2005",0,0,0,0,0,0,0,0,0,0,0,0,0,0,0,0,0,0,0,0,0,0,0,0,0,0,0
"Barbados","2006",0,0,0,0,0,0,0,0,0,0,0,0,0,0,0,0,0,0,0,0,0,0,0,0,0,0,0
"Barbados","2007",0,0,0,0,0,0,0,0,0,0,0,0,0,0,0,0,0,0,0,0,0,0,0,0,0,0,0
"Barbados","2008",0,0,0,0,0,0,0,0,0,0,0,0,0,0,0,0,0,0,0,0,0,0,0,0,0,0,0
"Barbados","2009",1,0,1,0,0,0,1,0,1,1,0,1,0,0,0,1,0,1,0,0,0,0,0,0,0,0,0
"Barbados","2010",0,1,-1,0,0,0,0,1,-1,1,1,0,0,0,0,1,1,0,1,0,1,0,0,0,1,0,1
"Barbados","2011",0,0,0,0,0,0,0,0,0,0,0,0,0,0,0,0,0,0,0,0,0,0,0,0,0,0,0
"Barbados","2012",0,0,0,0,0,0,0,0,0,0,0,0,0,0,0,0,0,0,0,0,0,0,0,0,0,0,0
"Barbados","2013",-1,-1,0,0,0,0,-1,-1,0,0,0,0,0,0,0,0,0,0,1,1,0,0,0,0,1,1,0
"Barbados","2014",0,0,0,0,0,0,0,0,0,0,0,0,0,0,0,0,0,0,0,0,0,0,0,0,0,0,0
"Barbados","2015",0,0,0,0,0,0,0,0,0,0,0,0,0,0,0,0,0,0,0,0,0,0,0,0,0,0,0
"Barbados","2016",0,0,0,0,0,0,0,0,0,0,0,0,0,0,0,0,0,0,0,0,0,0,0,0,0,0,0
"Barbados","2017",-8,-4,-4,0,0,0,-8,-4,-4,0,0,0,0,0,0,0,0,0,8,4,4,0,0,0,8,4,4
"Barbados","2018",1,1,0,0,0,0,1,1,0,1,1,0,0,0,0,1,1,0,0,0,0,0,0,0,0,0,0
"Barbados","2019",6,3,3,0,0,0,6,3,3,6,3,3,0,0,0,6,3,3,0,0,0,0,0,0,0,0,0
"Bangladesh","2004",0,0,0,0,0,0,0,0,0,0,0,0,0,0,0,0,0,0,0,0,0,0,0,0,0,0,0
"Bangladesh","2005",0,0,0,0,0,0,0,0,0,0,0,0,0,0,0,0,0,0,0,0,0,0,0,0,0,0,0
"Bangladesh","2006",0,0,0,0,0,0,0,0,0,0,0,0,0,0,0,0,0,0,0,0,0,0,0,0,0,0,0
"Bangladesh","2007",1,1,0,0,0,0,1,1,0,1,1,0,0,0,0,1,1,0,0,0,0,0,0,0,0,0,0
"Bangladesh","2008",0,0,0,0,0,0,0,0,0,1,1,0,0,0,0,1,1,0,1,1,0,0,0,0,1,1,0
"Bangladesh","2009",-1,-1,0,0,0,0,-1,-1,0,0,0,0,0,0,0,0,0,0,1,1,0,0,0,0,1,1,0
"Bangladesh","2010",0,1,-1,-2,-1,-1,2,2,0,2,2,0,0,0,0,2,2,0,2,1,1,2,1,1,0,0,0
"Bangladesh","2011",2,1,1,1,0,1,1,1,0,4,3,1,1,0,1,3,3,0,2,2,0,0,0,0,2,2,0
"Bangladesh","2012",0,0,0,-1,-1,0,1,1,0,2,2,0,0,0,0,2,2,0,2,2,0,1,1,0,1,1,0
"Bangladesh","2013",4,4,0,0,0,0,4,4,0,6,6,0,0,0,0,6,6,0,2,2,0,0,0,0,2,2,0
"Bangladesh","2014",-4,-4,0,1,1,0,-5,-5,0,3,3,0,1,1,0,2,2,0,7,7,0,0,0,0,7,7,0
"Bangladesh","2015",-1,-1,0,0,0,0,-1,-1,0,1,1,0,0,0,0,1,1,0,2,2,0,0,0,0,2,2,0
"Bangladesh","2016",1,1,0,1,1,0,0,0,0,3,3,0,1,1,0,2,2,0,2,2,0,0,0,0,2,2,0
"Bangladesh","2017",2,0,2,0,0,0,2,0,2,3,1,2,0,0,0,3,1,2,1,1,0,0,0,0,1,1,0
"Bangladesh","2018",7,4,3,0,0,0,7,4,3,10,7,3,0,0,0,10,7,3,3,3,0,0,0,0,3,3,0
"Bangladesh","2019",14,12,2,0,0,0,14,12,2,18,15,3,0,0,0,18,15,3,4,3,1,0,0,0,4,3,1
"Belgium","2004",-9,-10,1,6,0,6,-15,-10,-5,30,14,16,22,10,12,8,4,4,39,24,15,16,10,6,23,14,9
"Belgium","2005",22,10,12,15,6,9,7,4,3,29,12,17,19,8,11,10,4,6,7,2,5,4,2,2,3,0,3
"Belgium","2006",2,1,1,0,1,-1,2,0,2,17,10,7,6,5,1,11,5,6,15,9,6,6,4,2,9,5,4
"Belgium","2007",10,5,5,6,3,3,4,2,2,24,11,13,12,7,5,12,4,8,14,6,8,6,4,2,8,2,6
"Belgium","2008",3,6,-3,-1,0,-1,4,6,-2,27,16,11,11,6,5,16,10,6,24,10,14,12,6,6,12,4,8
"Belgium","2009",-13,-7,-6,-14,-7,-7,1,0,1,16,7,9,1,0,1,15,7,8,29,14,15,15,7,8,14,7,7
"Belgium","2010",-24,-11,-13,-18,-8,-10,-6,-3,-3,20,9,11,5,1,4,15,8,7,44,20,24,23,9,14,21,11,10
"Belgium","2011",-1,-1,0,6,4,2,-7,-5,-2,24,11,13,15,9,6,9,2,7,25,12,13,9,5,4,16,7,9
"Belgium","2012",3,0,3,1,-2,3,2,2,0,28,14,14,18,8,10,10,6,4,25,14,11,17,10,7,8,4,4
"Belgium","2013",-11,-4,-7,-9,-1,-8,-2,-3,1,29,16,13,18,12,6,11,4,7,40,20,20,27,13,14,13,7,6
"Belgium","2014",13,5,8,-6,-4,-2,19,9,10,36,17,19,6,2,4,30,15,15,23,12,11,12,6,6,11,6,5
"Belgium","2015",8,4,4,-6,-3,-3,14,7,7,28,14,14,9,4,5,19,10,9,20,10,10,15,7,8,5,3,2
"Belgium","2016",17,9,8,3,1,2,14,8,6,40,20,20,12,5,7,28,15,13,23,11,12,9,4,5,14,7,7
"Belgium","2017",22,10,12,8,3,5,14,7,7,42,19,23,10,4,6,32,15,17,20,9,11,2,1,1,18,8,10
"Belgium","2018",9,3,6,-7,-5,-2,16,8,8,42,21,21,5,3,2,37,18,19,33,18,15,12,8,4,21,10,11
"Belgium","2019",19,12,7,8,4,4,11,8,3,49,29,20,13,7,6,36,22,14,30,17,13,5,3,2,25,14,11
"Burkina Faso","2004",0,0,0,0,0,0,0,0,0,0,0,0,0,0,0,0,0,0,0,0,0,0,0,0,0,0,0
"Burkina Faso","2005",0,0,0,0,0,0,0,0,0,0,0,0,0,0,0,0,0,0,0,0,0,0,0,0,0,0,0
"Burkina Faso","2006",0,0,0,0,0,0,0,0,0,0,0,0,0,0,0,0,0,0,0,0,0,0,0,0,0,0,0
"Burkina Faso","2007",1,1,0,0,0,0,1,1,0,1,1,0,0,0,0,1,1,0,0,0,0,0,0,0,0,0,0
"Burkina Faso","2008",0,0,0,0,0,0,0,0,0,0,0,0,0,0,0,0,0,0,0,0,0,0,0,0,0,0,0
"Burkina Faso","2009",0,0,0,0,0,0,0,0,0,0,0,0,0,0,0,0,0,0,0,0,0,0,0,0,0,0,0
"Burkina Faso","2010",0,0,0,0,0,0,0,0,0,0,0,0,0,0,0,0,0,0,0,0,0,0,0,0,0,0,0
"Burkina Faso","2011",0,0,0,0,0,0,0,0,0,0,0,0,0,0,0,0,0,0,0,0,0,0,0,0,0,0,0
"Burkina Faso","2012",0,0,0,0,0,0,0,0,0,0,0,0,0,0,0,0,0,0,0,0,0,0,0,0,0,0,0
"Burkina Faso","2013",0,0,0,0,0,0,0,0,0,0,0,0,0,0,0,0,0,0,0,0,0,0,0,0,0,0,0
"Burkina Faso","2014",0,0,0,0,0,0,0,0,0,0,0,0,0,0,0,0,0,0,0,0,0,0,0,0,0,0,0
"Burkina Faso","2015",0,0,0,0,0,0,0,0,0,0,0,0,0,0,0,0,0,0,0,0,0,0,0,0,0,0,0
"Burkina Faso","2016",0,0,0,0,0,0,0,0,0,0,0,0,0,0,0,0,0,0,0,0,0,0,0,0,0,0,0
"Burkina Faso","2017",0,0,0,0,0,0,0,0,0,0,0,0,0,0,0,0,0,0,0,0,0,0,0,0,0,0,0
"Burkina Faso","2018",1,1,0,0,0,0,1,1,0,2,1,1,0,0,0,2,1,1,1,0,1,0,0,0,1,0,1
"Burkina Faso","2019",0,0,0,0,0,0,0,0,0,0,0,0,0,0,0,0,0,0,0,0,0,0,0,0,0,0,0
"Bulgaria","2004",6,5,1,-1,-1,0,7,6,1,8,6,2,0,0,0,8,6,2,2,1,1,1,1,0,1,0,1
"Bulgaria","2005",11,9,2,-1,-1,0,12,10,2,16,12,4,0,0,0,16,12,4,5,3,2,1,1,0,4,2,2
"Bulgaria","2006",25,11,14,0,0,0,25,11,14,27,13,14,0,0,0,27,13,14,2,2,0,0,0,0,2,2,0
"Bulgaria","2007",5,2,3,-2,1,-3,7,1,6,9,3,6,1,1,0,8,2,6,4,1,3,3,0,3,1,1,0
"Bulgaria","2008",-6,0,-6,-3,0,-3,-3,0,-3,15,10,5,0,0,0,15,10,5,21,10,11,3,0,3,18,10,8
"Bulgaria","2009",-8,-9,1,-3,-3,0,-5,-6,1,4,1,3,0,0,0,4,1,3,12,10,2,3,3,0,9,7,2
"Bulgaria","2010",-3,-1,-2,-2,-1,-1,-1,0,-1,2,2,0,0,0,0,2,2,0,5,3,2,2,1,1,3,2,1
"Bulgaria","2011",-2,-2,0,-1,1,-2,-1,-3,2,11,5,6,2,2,0,9,3,6,13,7,6,3,1,2,10,6,4
"Bulgaria","2012",21,6,15,5,0,5,16,6,10,23,8,15,6,1,5,17,7,10,2,2,0,1,1,0,1,1,0
"Bulgaria","2013",33,20,13,2,0,2,31,20,11,40,22,18,4,1,3,36,21,15,7,2,5,2,1,1,5,1,4
"Bulgaria","2014",59,36,23,0,0,0,59,36,23,69,39,30,0,0,0,69,39,30,10,3,7,0,0,0,10,3,7
"Bulgaria","2015",48,28,20,-4,-1,-3,52,29,23,63,38,25,0,0,0,63,38,25,15,10,5,4,1,3,11,9,2
"Bulgaria","2016",56,33,23,2,2,0,54,31,23,92,52,40,4,4,0,88,48,40,36,19,17,2,2,0,34,17,17
"Bulgaria","2017",62,45,17,-3,0,-3,65,45,20,91,62,29,1,1,0,90,61,29,29,17,12,4,1,3,25,16,9
"Bulgaria","2018",67,38,29,-1,-1,0,68,39,29,104,62,42,1,1,0,103,61,42,37,24,13,2,2,0,35,22,13
"Bulgaria","2019",75,50,25,-1,-1,0,76,51,25,101,71,30,0,0,0,101,71,30,26,21,5,1,1,0,25,20,5
"Bahrain","2004",-3,-1,-2,0,0,0,-3,-1,-2,0,0,0,0,0,0,0,0,0,3,1,2,0,0,0,3,1,2
"Bahrain","2005",0,0,0,0,0,0,0,0,0,0,0,0,0,0,0,0,0,0,0,0,0,0,0,0,0,0,0
"Bahrain","2006",-1,-1,0,-1,-1,0,0,0,0,0,0,0,0,0,0,0,0,0,1,1,0,1,1,0,0,0,0
"Bahrain","2007",0,0,0,0,0,0,0,0,0,0,0,0,0,0,0,0,0,0,0,0,0,0,0,0,0,0,0
"Bahrain","2008",0,0,0,0,0,0,0,0,0,0,0,0,0,0,0,0,0,0,0,0,0,0,0,0,0,0,0
"Bahrain","2009",0,0,0,0,0,0,0,0,0,0,0,0,0,0,0,0,0,0,0,0,0,0,0,0,0,0,0
"Bahrain","2010",0,0,0,0,0,0,0,0,0,0,0,0,0,0,0,0,0,0,0,0,0,0,0,0,0,0,0
"Bahrain","2011",0,0,0,0,0,0,0,0,0,0,0,0,0,0,0,0,0,0,0,0,0,0,0,0,0,0,0
"Bahrain","2012",-4,-2,-2,-3,-1,-2,-1,-1,0,0,0,0,0,0,0,0,0,0,4,2,2,3,1,2,1,1,0
"Bahrain","2013",0,0,0,0,0,0,0,0,0,0,0,0,0,0,0,0,0,0,0,0,0,0,0,0,0,0,0
"Bahrain","2014",0,0,0,0,0,0,0,0,0,0,0,0,0,0,0,0,0,0,0,0,0,0,0,0,0,0,0
"Bahrain","2015",0,0,0,0,0,0,0,0,0,0,0,0,0,0,0,0,0,0,0,0,0,0,0,0,0,0,0
"Bahrain","2016",-1,-1,0,-1,-1,0,0,0,0,0,0,0,0,0,0,0,0,0,1,1,0,1,1,0,0,0,0
"Bahrain","2017",3,2,1,3,2,1,0,0,0,3,2,1,3,2,1,0,0,0,0,0,0,0,0,0,0,0,0
"Bahrain","2018",-1,0,-1,-1,0,-1,0,0,0,0,0,0,0,0,0,0,0,0,1,0,1,1,0,1,0,0,0
"Bahrain","2019",0,0,0,0,0,0,0,0,0,0,0,0,0,0,0,0,0,0,0,0,0,0,0,0,0,0,0
"Burundi","2004",0,0,0,0,0,0,0,0,0,0,0,0,0,0,0,0,0,0,0,0,0,0,0,0,0,0,0
"Burundi","2005",0,0,0,0,0,0,0,0,0,0,0,0,0,0,0,0,0,0,0,0,0,0,0,0,0,0,0
"Burundi","2006",0,0,0,0,0,0,0,0,0,0,0,0,0,0,0,0,0,0,0,0,0,0,0,0,0,0,0
"Burundi","2007",0,0,0,0,0,0,0,0,0,0,0,0,0,0,0,0,0,0,0,0,0,0,0,0,0,0,0
"Burundi","2008",0,0,0,0,0,0,0,0,0,0,0,0,0,0,0,0,0,0,0,0,0,0,0,0,0,0,0
"Burundi","2009",0,0,0,0,0,0,0,0,0,0,0,0,0,0,0,0,0,0,0,0,0,0,0,0,0,0,0
"Burundi","2010",0,0,0,0,0,0,0,0,0,0,0,0,0,0,0,0,0,0,0,0,0,0,0,0,0,0,0
"Burundi","2011",0,0,0,0,0,0,0,0,0,0,0,0,0,0,0,0,0,0,0,0,0,0,0,0,0,0,0
"Burundi","2012",0,0,0,0,0,0,0,0,0,0,0,0,0,0,0,0,0,0,0,0,0,0,0,0,0,0,0
"Burundi","2013",1,1,0,0,0,0,1,1,0,1,1,0,0,0,0,1,1,0,0,0,0,0,0,0,0,0,0
"Burundi","2014",-1,-1,0,0,0,0,-1,-1,0,0,0,0,0,0,0,0,0,0,1,1,0,0,0,0,1,1,0
"Burundi","2015",0,0,0,0,0,0,0,0,0,0,0,0,0,0,0,0,0,0,0,0,0,0,0,0,0,0,0
"Burundi","2016",0,0,0,0,0,0,0,0,0,0,0,0,0,0,0,0,0,0,0,0,0,0,0,0,0,0,0
"Burundi","2017",0,0,0,0,0,0,0,0,0,0,0,0,0,0,0,0,0,0,0,0,0,0,0,0,0,0,0
"Burundi","2018",0,0,0,0,0,0,0,0,0,0,0,0,0,0,0,0,0,0,0,0,0,0,0,0,0,0,0
"Burundi","2019",0,0,0,0,0,0,0,0,0,0,0,0,0,0,0,0,0,0,0,0,0,0,0,0,0,0,0
"Benin","2004",0,0,0,0,0,0,0,0,0,0,0,0,0,0,0,0,0,0,0,0,0,0,0,0,0,0,0
"Benin","2005",0,0,0,0,0,0,0,0,0,0,0,0,0,0,0,0,0,0,0,0,0,0,0,0,0,0,0
"Benin","2006",0,0,0,0,0,0,0,0,0,0,0,0,0,0,0,0,0,0,0,0,0,0,0,0,0,0,0
"Benin","2007",0,0,0,0,0,0,0,0,0,0,0,0,0,0,0,0,0,0,0,0,0,0,0,0,0,0,0
"Benin","2008",0,0,0,0,0,0,0,0,0,0,0,0,0,0,0,0,0,0,0,0,0,0,0,0,0,0,0
"Benin","2009",0,0,0,0,0,0,0,0,0,0,0,0,0,0,0,0,0,0,0,0,0,0,0,0,0,0,0
"Benin","2010",0,0,0,0,0,0,0,0,0,0,0,0,0,0,0,0,0,0,0,0,0,0,0,0,0,0,0
"Benin","2011",0,0,0,0,0,0,0,0,0,0,0,0,0,0,0,0,0,0,0,0,0,0,0,0,0,0,0
"Benin","2012",0,0,0,0,0,0,0,0,0,0,0,0,0,0,0,0,0,0,0,0,0,0,0,0,0,0,0
"Benin","2013",0,0,0,0,0,0,0,0,0,0,0,0,0,0,0,0,0,0,0,0,0,0,0,0,0,0,0
"Benin","2014",0,0,0,0,0,0,0,0,0,0,0,0,0,0,0,0,0,0,0,0,0,0,0,0,0,0,0
"Benin","2015",1,0,1,0,0,0,1,0,1,1,0,1,0,0,0,1,0,1,0,0,0,0,0,0,0,0,0
"Benin","2016",0,0,0,0,0,0,0,0,0,0,0,0,0,0,0,0,0,0,0,0,0,0,0,0,0,0,0
"Benin","2017",0,0,0,0,0,0,0,0,0,0,0,0,0,0,0,0,0,0,0,0,0,0,0,0,0,0,0
"Benin","2018",0,0,0,0,0,0,0,0,0,0,0,0,0,0,0,0,0,0,0,0,0,0,0,0,0,0,0
"Benin","2019",0,0,0,0,0,0,0,0,0,0,0,0,0,0,0,0,0,0,0,0,0,0,0,0,0,0,0
"Bermuda","2004",0,0,0,0,0,0,0,0,0,0,0,0,0,0,0,0,0,0,0,0,0,0,0,0,0,0,0
"Bermuda","2005",0,0,0,0,0,0,0,0,0,0,0,0,0,0,0,0,0,0,0,0,0,0,0,0,0,0,0
"Bermuda","2006",-2,0,-2,-2,0,-2,0,0,0,0,0,0,0,0,0,0,0,0,2,0,2,2,0,2,0,0,0
"Bermuda","2007",0,0,0,0,0,0,0,0,0,0,0,0,0,0,0,0,0,0,0,0,0,0,0,0,0,0,0
"Bermuda","2008",0,0,0,0,0,0,0,0,0,0,0,0,0,0,0,0,0,0,0,0,0,0,0,0,0,0,0
"Bermuda","2009",-1,-1,0,-1,-1,0,0,0,0,0,0,0,0,0,0,0,0,0,1,1,0,1,1,0,0,0,0
"Bermuda","2010",1,0,1,1,0,1,0,0,0,2,1,1,2,1,1,0,0,0,1,1,0,1,1,0,0,0,0
"Bermuda","2011",0,0,0,0,0,0,0,0,0,1,1,0,1,1,0,0,0,0,1,1,0,1,1,0,0,0,0
"Bermuda","2012",1,1,0,1,1,0,0,0,0,1,1,0,1,1,0,0,0,0,0,0,0,0,0,0,0,0,0
"Bermuda","2013",0,0,0,0,0,0,0,0,0,0,0,0,0,0,0,0,0,0,0,0,0,0,0,0,0,0,0
"Bermuda","2014",0,0,0,0,0,0,0,0,0,0,0,0,0,0,0,0,0,0,0,0,0,0,0,0,0,0,0
"Bermuda","2015",-1,-1,0,-1,-1,0,0,0,0,0,0,0,0,0,0,0,0,0,1,1,0,1,1,0,0,0,0
"Bermuda","2016",0,0,0,0,0,0,0,0,0,0,0,0,0,0,0,0,0,0,0,0,0,0,0,0,0,0,0
"Bermuda","2017",0,0,0,0,0,0,0,0,0,0,0,0,0,0,0,0,0,0,0,0,0,0,0,0,0,0,0
"Bermuda","2018",0,0,0,0,0,0,0,0,0,0,0,0,0,0,0,0,0,0,0,0,0,0,0,0,0,0,0
"Bermuda","2019",1,1,0,1,1,0,0,0,0,1,1,0,1,1,0,0,0,0,0,0,0,0,0,0,0,0,0
"Brunei Darussalam","2004",0,0,0,0,0,0,0,0,0,0,0,0,0,0,0,0,0,0,0,0,0,0,0,0,0,0,0
"Brunei Darussalam","2005",0,0,0,0,0,0,0,0,0,0,0,0,0,0,0,0,0,0,0,0,0,0,0,0,0,0,0
"Brunei Darussalam","2006",0,0,0,0,0,0,0,0,0,0,0,0,0,0,0,0,0,0,0,0,0,0,0,0,0,0,0
"Brunei Darussalam","2007",0,0,0,0,0,0,0,0,0,0,0,0,0,0,0,0,0,0,0,0,0,0,0,0,0,0,0
"Brunei Darussalam","2008",0,0,0,0,0,0,0,0,0,0,0,0,0,0,0,0,0,0,0,0,0,0,0,0,0,0,0
"Brunei Darussalam","2009",0,0,0,0,0,0,0,0,0,0,0,0,0,0,0,0,0,0,0,0,0,0,0,0,0,0,0
"Brunei Darussalam","2010",0,0,0,0,0,0,0,0,0,0,0,0,0,0,0,0,0,0,0,0,0,0,0,0,0,0,0
"Brunei Darussalam","2011",0,0,0,0,0,0,0,0,0,0,0,0,0,0,0,0,0,0,0,0,0,0,0,0,0,0,0
"Brunei Darussalam","2012",-1,-1,0,-1,-1,0,0,0,0,0,0,0,0,0,0,0,0,0,1,1,0,1,1,0,0,0,0
"Brunei Darussalam","2013",0,0,0,0,0,0,0,0,0,1,1,0,1,1,0,0,0,0,1,1,0,1,1,0,0,0,0
"Brunei Darussalam","2014",0,0,0,0,0,0,0,0,0,1,1,0,1,1,0,0,0,0,1,1,0,1,1,0,0,0,0
"Brunei Darussalam","2015",0,0,0,0,0,0,0,0,0,0,0,0,0,0,0,0,0,0,0,0,0,0,0,0,0,0,0
"Brunei Darussalam","2016",0,0,0,0,0,0,0,0,0,0,0,0,0,0,0,0,0,0,0,0,0,0,0,0,0,0,0
"Brunei Darussalam","2017",4,3,1,1,1,0,3,2,1,4,3,1,1,1,0,3,2,1,0,0,0,0,0,0,0,0,0
"Brunei Darussalam","2018",0,0,0,0,0,0,0,0,0,0,0,0,0,0,0,0,0,0,0,0,0,0,0,0,0,0,0
"Brunei Darussalam","2019",-4,-2,-2,-4,-2,-2,0,0,0,0,0,0,0,0,0,0,0,0,4,2,2,4,2,2,0,0,0
"Bolivia","2004",2,1,1,0,0,0,2,1,1,2,1,1,0,0,0,2,1,1,0,0,0,0,0,0,0,0,0
"Bolivia","2005",1,1,0,1,1,0,0,0,0,1,1,0,1,1,0,0,0,0,0,0,0,0,0,0,0,0,0
"Bolivia","2006",0,0,0,0,0,0,0,0,0,0,0,0,0,0,0,0,0,0,0,0,0,0,0,0,0,0,0
"Bolivia","2007",1,1,0,0,0,0,1,1,0,1,1,0,0,0,0,1,1,0,0,0,0,0,0,0,0,0,0
"Bolivia","2008",0,-1,1,2,0,2,-2,-1,-1,2,0,2,2,0,2,0,0,0,2,1,1,0,0,0,2,1,1
"Bolivia","2009",2,-1,3,1,-1,2,1,0,1,9,4,5,7,3,4,2,1,1,7,5,2,6,4,2,1,1,0
"Bolivia","2010",-1,-1,0,-1,-1,0,0,0,0,0,0,0,0,0,0,0,0,0,1,1,0,1,1,0,0,0,0
"Bolivia","2011",6,2,4,3,1,2,3,1,2,6,2,4,3,1,2,3,1,2,0,0,0,0,0,0,0,0,0
"Bolivia","2012",0,0,0,0,0,0,0,0,0,0,0,0,0,0,0,0,0,0,0,0,0,0,0,0,0,0,0
"Bolivia","2013",2,1,1,1,1,0,1,0,1,2,1,1,1,1,0,1,0,1,0,0,0,0,0,0,0,0,0
"Bolivia","2014",0,0,0,0,0,0,0,0,0,1,1,0,0,0,0,1,1,0,1,1,0,0,0,0,1,1,0
"Bolivia","2015",2,1,1,0,0,0,2,1,1,4,3,1,0,0,0,4,3,1,2,2,0,0,0,0,2,2,0
"Bolivia","2016",2,2,0,0,0,0,2,2,0,3,3,0,0,0,0,3,3,0,1,1,0,0,0,0,1,1,0
"Bolivia","2017",1,0,1,0,0,0,1,0,1,2,1,1,0,0,0,2,1,1,1,1,0,0,0,0,1,1,0
"Bolivia","2018",-1,0,-1,-2,0,-2,1,0,1,4,2,2,0,0,0,4,2,2,5,2,3,2,0,2,3,2,1
"Bolivia","2019",1,1,0,0,0,0,1,1,0,1,1,0,0,0,0,1,1,0,0,0,0,0,0,0,0,0,0
"Bonaire, Sint Eustatius and Saba","2004",0,0,0,0,0,0,0,0,0,0,0,0,0,0,0,0,0,0,0,0,0,0,0,0,0,0,0
"Bonaire, Sint Eustatius and Saba","2005",0,0,0,0,0,0,0,0,0,0,0,0,0,0,0,0,0,0,0,0,0,0,0,0,0,0,0
"Bonaire, Sint Eustatius and Saba","2006",0,0,0,0,0,0,0,0,0,0,0,0,0,0,0,0,0,0,0,0,0,0,0,0,0,0,0
"Bonaire, Sint Eustatius and Saba","2007",0,0,0,0,0,0,0,0,0,0,0,0,0,0,0,0,0,0,0,0,0,0,0,0,0,0,0
"Bonaire, Sint Eustatius and Saba","2008",0,0,0,0,0,0,0,0,0,0,0,0,0,0,0,0,0,0,0,0,0,0,0,0,0,0,0
"Bonaire, Sint Eustatius and Saba","2009",0,0,0,0,0,0,0,0,0,0,0,0,0,0,0,0,0,0,0,0,0,0,0,0,0,0,0
"Bonaire, Sint Eustatius and Saba","2010",0,0,0,0,0,0,0,0,0,0,0,0,0,0,0,0,0,0,0,0,0,0,0,0,0,0,0
"Bonaire, Sint Eustatius and Saba","2011",0,0,0,0,0,0,0,0,0,0,0,0,0,0,0,0,0,0,0,0,0,0,0,0,0,0,0
"Bonaire, Sint Eustatius and Saba","2012",0,0,0,0,0,0,0,0,0,0,0,0,0,0,0,0,0,0,0,0,0,0,0,0,0,0,0
"Bonaire, Sint Eustatius and Saba","2013",0,0,0,0,0,0,0,0,0,0,0,0,0,0,0,0,0,0,0,0,0,0,0,0,0,0,0
"Bonaire, Sint Eustatius and Saba","2014",0,0,0,0,0,0,0,0,0,0,0,0,0,0,0,0,0,0,0,0,0,0,0,0,0,0,0
"Bonaire, Sint Eustatius and Saba","2015",0,0,0,0,0,0,0,0,0,0,0,0,0,0,0,0,0,0,0,0,0,0,0,0,0,0,0
"Bonaire, Sint Eustatius and Saba","2016",0,0,0,0,0,0,0,0,0,0,0,0,0,0,0,0,0,0,0,0,0,0,0,0,0,0,0
"Bonaire, Sint Eustatius and Saba","2017",0,0,0,0,0,0,0,0,0,1,1,0,1,1,0,0,0,0,1,1,0,1,1,0,0,0,0
"Bonaire, Sint Eustatius and Saba","2018",0,0,0,0,0,0,0,0,0,0,0,0,0,0,0,0,0,0,0,0,0,0,0,0,0,0,0
"Bonaire, Sint Eustatius and Saba","2019",0,0,0,0,0,0,0,0,0,0,0,0,0,0,0,0,0,0,0,0,0,0,0,0,0,0,0
"Brazil","2004",7,5,2,1,1,0,6,4,2,11,7,4,1,1,0,10,6,4,4,2,2,0,0,0,4,2,2
"Brazil","2005",16,5,11,4,2,2,12,3,9,20,8,12,5,3,2,15,5,10,4,3,1,1,1,0,3,2,1
"Brazil","2006",16,2,14,-3,-2,-1,19,4,15,25,6,19,3,1,2,22,5,17,9,4,5,6,3,3,3,1,2
"Brazil","2007",25,7,18,3,2,1,22,5,17,26,7,19,3,2,1,23,5,18,1,0,1,0,0,0,1,0,1
"Brazil","2008",9,1,8,0,0,0,9,1,8,24,8,16,3,2,1,21,6,15,15,7,8,3,2,1,12,5,7
"Brazil","2009",-4,-7,3,-4,-3,-1,0,-4,4,14,3,11,1,0,1,13,3,10,18,10,8,5,3,2,13,7,6
"Brazil","2010",7,1,6,0,0,0,7,1,6,12,3,9,1,1,0,11,2,9,5,2,3,1,1,0,4,1,3
"Brazil","2011",11,0,11,0,0,0,11,0,11,14,2,12,0,0,0,14,2,12,3,2,1,0,0,0,3,2,1
"Brazil","2012",-1,-3,2,-1,-1,0,0,-2,2,6,0,6,0,0,0,6,0,6,7,3,4,1,1,0,6,2,4
"Brazil","2013",9,7,2,1,1,0,8,6,2,18,9,9,4,2,2,14,7,7,9,2,7,3,1,2,6,1,5
"Brazil","2014",7,1,6,0,0,0,7,1,6,13,4,9,1,1,0,12,3,9,6,3,3,1,1,0,5,2,3
"Brazil","2015",12,3,9,-1,0,-1,13,3,10,15,4,11,0,0,0,15,4,11,3,1,2,1,0,1,2,1,1
"Brazil","2016",14,7,7,1,0,1,13,7,6,24,12,12,4,1,3,20,11,9,10,5,5,3,1,2,7,4,3
"Brazil","2017",13,4,9,-1,0,-1,14,4,10,27,11,16,4,3,1,23,8,15,14,7,7,5,3,2,9,4,5
"Brazil","2018",9,6,3,0,0,0,9,6,3,17,10,7,0,0,0,17,10,7,8,4,4,0,0,0,8,4,4
"Brazil","2019",17,5,12,0,1,-1,17,4,13,27,10,17,1,1,0,26,9,17,10,5,5,1,0,1,9,5,4
"Bahamas","2004",0,0,0,0,0,0,0,0,0,0,0,0,0,0,0,0,0,0,0,0,0,0,0,0,0,0,0
"Bahamas","2005",0,0,0,0,0,0,0,0,0,0,0,0,0,0,0,0,0,0,0,0,0,0,0,0,0,0,0
"Bahamas","2006",0,0,0,0,0,0,0,0,0,0,0,0,0,0,0,0,0,0,0,0,0,0,0,0,0,0,0
"Bahamas","2007",0,0,0,0,0,0,0,0,0,2,2,0,2,2,0,0,0,0,2,2,0,2,2,0,0,0,0
"Bahamas","2008",5,4,1,3,3,0,2,1,1,6,5,1,4,4,0,2,1,1,1,1,0,1,1,0,0,0,0
"Bahamas","2009",0,0,0,0,0,0,0,0,0,0,0,0,0,0,0,0,0,0,0,0,0,0,0,0,0,0,0
"Bahamas","2010",-1,-1,0,-1,-1,0,0,0,0,0,0,0,0,0,0,0,0,0,1,1,0,1,1,0,0,0,0
"Bahamas","2011",2,1,1,2,1,1,0,0,0,2,1,1,2,1,1,0,0,0,0,0,0,0,0,0,0,0,0
"Bahamas","2012",1,1,0,1,1,0,0,0,0,1,1,0,1,1,0,0,0,0,0,0,0,0,0,0,0,0,0
"Bahamas","2013",0,0,0,0,0,0,0,0,0,1,1,0,1,1,0,0,0,0,1,1,0,1,1,0,0,0,0
"Bahamas","2014",0,0,0,0,0,0,0,0,0,0,0,0,0,0,0,0,0,0,0,0,0,0,0,0,0,0,0
"Bahamas","2015",1,1,0,0,0,0,1,1,0,1,1,0,0,0,0,1,1,0,0,0,0,0,0,0,0,0,0
"Bahamas","2016",-1,-1,0,0,0,0,-1,-1,0,0,0,0,0,0,0,0,0,0,1,1,0,0,0,0,1,1,0
"Bahamas","2017",1,0,1,0,0,0,1,0,1,1,0,1,0,0,0,1,0,1,0,0,0,0,0,0,0,0,0
"Bahamas","2018",-2,-1,-1,0,0,0,-2,-1,-1,0,0,0,0,0,0,0,0,0,2,1,1,0,0,0,2,1,1
"Bahamas","2019",1,1,0,1,1,0,0,0,0,1,1,0,1,1,0,0,0,0,0,0,0,0,0,0,0,0,0
"Botswana","2004",0,0,0,0,0,0,0,0,0,0,0,0,0,0,0,0,0,0,0,0,0,0,0,0,0,0,0
"Botswana","2005",0,0,0,0,0,0,0,0,0,0,0,0,0,0,0,0,0,0,0,0,0,0,0,0,0,0,0
"Botswana","2006",0,0,0,0,0,0,0,0,0,0,0,0,0,0,0,0,0,0,0,0,0,0,0,0,0,0,0
"Botswana","2007",0,0,0,0,0,0,0,0,0,0,0,0,0,0,0,0,0,0,0,0,0,0,0,0,0,0,0
"Botswana","2008",0,0,0,0,0,0,0,0,0,0,0,0,0,0,0,0,0,0,0,0,0,0,0,0,0,0,0
"Botswana","2009",0,0,0,0,0,0,0,0,0,0,0,0,0,0,0,0,0,0,0,0,0,0,0,0,0,0,0
"Botswana","2010",0,0,0,0,0,0,0,0,0,0,0,0,0,0,0,0,0,0,0,0,0,0,0,0,0,0,0
"Botswana","2011",0,0,0,0,0,0,0,0,0,0,0,0,0,0,0,0,0,0,0,0,0,0,0,0,0,0,0
"Botswana","2012",0,0,0,0,0,0,0,0,0,0,0,0,0,0,0,0,0,0,0,0,0,0,0,0,0,0,0
"Botswana","2013",0,0,0,0,0,0,0,0,0,0,0,0,0,0,0,0,0,0,0,0,0,0,0,0,0,0,0
"Botswana","2014",0,0,0,0,0,0,0,0,0,0,0,0,0,0,0,0,0,0,0,0,0,0,0,0,0,0,0
"Botswana","2015",0,0,0,0,0,0,0,0,0,0,0,0,0,0,0,0,0,0,0,0,0,0,0,0,0,0,0
"Botswana","2016",0,0,0,0,0,0,0,0,0,0,0,0,0,0,0,0,0,0,0,0,0,0,0,0,0,0,0
"Botswana","2017",0,0,0,0,0,0,0,0,0,0,0,0,0,0,0,0,0,0,0,0,0,0,0,0,0,0,0
"Botswana","2018",0,0,0,0,0,0,0,0,0,0,0,0,0,0,0,0,0,0,0,0,0,0,0,0,0,0,0
"Botswana","2019",-1,-1,0,-2,-1,-1,1,0,1,1,0,1,0,0,0,1,0,1,2,1,1,2,1,1,0,0,0
"Belarus","2004",5,2,3,0,0,0,5,2,3,6,3,3,0,0,0,6,3,3,1,1,0,0,0,0,1,1,0
"Belarus","2005",8,3,5,0,0,0,8,3,5,8,3,5,0,0,0,8,3,5,0,0,0,0,0,0,0,0,0
"Belarus","2006",5,1,4,0,0,0,5,1,4,5,1,4,0,0,0,5,1,4,0,0,0,0,0,0,0,0,0
"Belarus","2007",5,1,4,0,0,0,5,1,4,7,1,6,0,0,0,7,1,6,2,0,2,0,0,0,2,0,2
"Belarus","2008",-1,0,-1,0,0,0,-1,0,-1,2,1,1,0,0,0,2,1,1,3,1,2,0,0,0,3,1,2
"Belarus","2009",0,-2,2,0,0,0,0,-2,2,3,0,3,0,0,0,3,0,3,3,2,1,0,0,0,3,2,1
"Belarus","2010",1,2,-1,0,0,0,1,2,-1,2,2,0,0,0,0,2,2,0,1,0,1,0,0,0,1,0,1
"Belarus","2011",1,1,0,0,0,0,1,1,0,1,1,0,0,0,0,1,1,0,0,0,0,0,0,0,0,0,0
"Belarus","2012",-2,-1,-1,0,0,0,-2,-1,-1,1,0,1,0,0,0,1,0,1,3,1,2,0,0,0,3,1,2
"Belarus","2013",1,0,1,0,0,0,1,0,1,2,1,1,0,0,0,2,1,1,1,1,0,0,0,0,1,1,0
"Belarus","2014",0,-3,3,-1,-1,0,1,-2,3,3,0,3,0,0,0,3,0,3,3,3,0,1,1,0,2,2,0
"Belarus","2015",2,2,0,0,0,0,2,2,0,4,2,2,0,0,0,4,2,2,2,0,2,0,0,0,2,0,2
"Belarus","2016",-1,0,-1,0,0,0,-1,0,-1,3,1,2,0,0,0,3,1,2,4,1,3,0,0,0,4,1,3
"Belarus","2017",4,3,1,2,2,0,2,1,1,6,4,2,2,2,0,4,2,2,2,1,1,0,0,0,2,1,1
"Belarus","2018",4,0,4,0,0,0,4,0,4,6,2,4,0,0,0,6,2,4,2,2,0,0,0,0,2,2,0
"Belarus","2019",3,0,3,1,1,0,2,-1,3,6,1,5,1,1,0,5,0,5,3,1,2,0,0,0,3,1,2
"Belize","2004",0,0,0,0,0,0,0,0,0,0,0,0,0,0,0,0,0,0,0,0,0,0,0,0,0,0,0
"Belize","2005",0,0,0,0,0,0,0,0,0,0,0,0,0,0,0,0,0,0,0,0,0,0,0,0,0,0,0
"Belize","2006",0,0,0,0,0,0,0,0,0,0,0,0,0,0,0,0,0,0,0,0,0,0,0,0,0,0,0
"Belize","2007",0,0,0,0,0,0,0,0,0,0,0,0,0,0,0,0,0,0,0,0,0,0,0,0,0,0,0
"Belize","2008",0,0,0,0,0,0,0,0,0,0,0,0,0,0,0,0,0,0,0,0,0,0,0,0,0,0,0
"Belize","2009",1,1,0,0,0,0,1,1,0,1,1,0,0,0,0,1,1,0,0,0,0,0,0,0,0,0,0
"Belize","2010",-1,-1,0,0,0,0,-1,-1,0,0,0,0,0,0,0,0,0,0,1,1,0,0,0,0,1,1,0
"Belize","2011",0,0,0,0,0,0,0,0,0,0,0,0,0,0,0,0,0,0,0,0,0,0,0,0,0,0,0
"Belize","2012",-1,0,-1,-1,0,-1,0,0,0,1,1,0,1,1,0,0,0,0,2,1,1,2,1,1,0,0,0
"Belize","2013",0,0,0,0,0,0,0,0,0,0,0,0,0,0,0,0,0,0,0,0,0,0,0,0,0,0,0
"Belize","2014",0,0,0,0,0,0,0,0,0,0,0,0,0,0,0,0,0,0,0,0,0,0,0,0,0,0,0
"Belize","2015",0,0,0,0,0,0,0,0,0,0,0,0,0,0,0,0,0,0,0,0,0,0,0,0,0,0,0
"Belize","2016",1,1,0,0,0,0,1,1,0,1,1,0,0,0,0,1,1,0,0,0,0,0,0,0,0,0,0
"Belize","2017",0,0,0,0,0,0,0,0,0,0,0,0,0,0,0,0,0,0,0,0,0,0,0,0,0,0,0
"Belize","2018",0,0,0,0,0,0,0,0,0,0,0,0,0,0,0,0,0,0,0,0,0,0,0,0,0,0,0
"Belize","2019",1,1,0,0,0,0,1,1,0,1,1,0,0,0,0,1,1,0,0,0,0,0,0,0,0,0,0
"Canada","2004",-1,-4,3,-7,-5,-2,6,1,5,54,27,27,35,17,18,19,10,9,55,31,24,42,22,20,13,9,4
"Canada","2005",24,12,12,5,2,3,19,10,9,61,30,31,27,12,15,34,18,16,37,18,19,22,10,12,15,8,7
"Canada","2006",19,21,-2,-21,-9,-12,40,30,10,80,53,27,24,14,10,56,39,17,61,32,29,45,23,22,16,9,7
"Canada","2007",91,49,42,8,-1,9,83,50,33,170,102,68,37,16,21,133,86,47,79,53,26,29,17,12,50,36,14
"Canada","2008",-155,-102,-53,-21,-10,-11,-134,-92,-42,88,45,43,16,2,14,72,43,29,243,147,96,37,12,25,206,135,71
"Canada","2009",-44,-24,-20,-26,-14,-12,-18,-10,-8,60,36,24,25,12,13,35,24,11,104,60,44,51,26,25,53,34,19
"Canada","2010",-26,-17,-9,-24,-15,-9,-2,-2,0,69,43,26,24,16,8,45,27,18,95,60,35,48,31,17,47,29,18
"Canada","2011",-4,1,-5,-17,-3,-14,13,4,9,72,39,33,29,15,14,43,24,19,76,38,38,46,18,28,30,20,10
"Canada","2012",-4,-6,2,-29,-13,-16,25,7,18,74,33,41,21,10,11,53,23,30,78,39,39,50,23,27,28,16,12
"Canada","2013",-24,-24,0,-24,-20,-4,0,-4,4,88,35,53,26,8,18,62,27,35,112,59,53,50,28,22,62,31,31
"Canada","2014",-7,-11,4,-6,-5,-1,-1,-6,5,101,40,61,37,18,19,64,22,42,108,51,57,43,23,20,65,28,37
"Canada","2015",-3,-7,4,-10,-5,-5,7,-2,9,94,35,59,32,14,18,62,21,41,97,42,55,42,19,23,55,23,32
"Canada","2016",11,1,10,-5,-8,3,16,9,7,120,55,65,36,15,21,84,40,44,109,54,55,41,23,18,68,31,37
"Canada","2017",26,20,6,11,11,0,15,9,6,120,55,65,48,28,20,72,27,45,94,35,59,37,17,20,57,18,39
"Canada","2018",41,16,25,9,7,2,32,9,23,119,56,63,40,22,18,79,34,45,78,40,38,31,15,16,47,25,22
"Canada","2019",-8,-9,1,-6,-7,1,-2,-2,0,73,33,40,18,6,12,55,27,28,81,42,39,24,13,11,57,29,28
"Congo, Democratic Republic of","2004",0,0,0,0,0,0,0,0,0,0,0,0,0,0,0,0,0,0,0,0,0,0,0,0,0,0,0
"Congo, Democratic Republic of","2005",0,0,0,0,0,0,0,0,0,0,0,0,0,0,0,0,0,0,0,0,0,0,0,0,0,0,0
"Congo, Democratic Republic of","2006",0,0,0,0,0,0,0,0,0,0,0,0,0,0,0,0,0,0,0,0,0,0,0,0,0,0,0
"Congo, Democratic Republic of","2007",1,0,1,1,0,1,0,0,0,1,0,1,1,0,1,0,0,0,0,0,0,0,0,0,0,0,0
"Congo, Democratic Republic of","2008",0,0,0,0,0,0,0,0,0,0,0,0,0,0,0,0,0,0,0,0,0,0,0,0,0,0,0
"Congo, Democratic Republic of","2009",0,0,0,0,0,0,0,0,0,0,0,0,0,0,0,0,0,0,0,0,0,0,0,0,0,0,0
"Congo, Democratic Republic of","2010",0,0,0,0,0,0,0,0,0,0,0,0,0,0,0,0,0,0,0,0,0,0,0,0,0,0,0
"Congo, Democratic Republic of","2011",0,0,0,0,0,0,0,0,0,0,0,0,0,0,0,0,0,0,0,0,0,0,0,0,0,0,0
"Congo, Democratic Republic of","2012",0,0,0,0,0,0,0,0,0,0,0,0,0,0,0,0,0,0,0,0,0,0,0,0,0,0,0
"Congo, Democratic Republic of","2013",0,0,0,0,0,0,0,0,0,0,0,0,0,0,0,0,0,0,0,0,0,0,0,0,0,0,0
"Congo, Democratic Republic of","2014",0,0,0,0,0,0,0,0,0,0,0,0,0,0,0,0,0,0,0,0,0,0,0,0,0,0,0
"Congo, Democratic Republic of","2015",0,0,0,0,0,0,0,0,0,0,0,0,0,0,0,0,0,0,0,0,0,0,0,0,0,0,0
"Congo, Democratic Republic of","2016",0,0,0,0,0,0,0,0,0,0,0,0,0,0,0,0,0,0,0,0,0,0,0,0,0,0,0
"Congo, Democratic Republic of","2017",0,0,0,0,0,0,0,0,0,0,0,0,0,0,0,0,0,0,0,0,0,0,0,0,0,0,0
"Congo, Democratic Republic of","2018",1,0,1,0,0,0,1,0,1,1,0,1,0,0,0,1,0,1,0,0,0,0,0,0,0,0,0
"Congo, Democratic Republic of","2019",0,0,0,0,0,0,0,0,0,0,0,0,0,0,0,0,0,0,0,0,0,0,0,0,0,0,0
"Congo, Republic of","2004",0,0,0,0,0,0,0,0,0,0,0,0,0,0,0,0,0,0,0,0,0,0,0,0,0,0,0
"Congo, Republic of","2005",0,0,0,0,0,0,0,0,0,0,0,0,0,0,0,0,0,0,0,0,0,0,0,0,0,0,0
"Congo, Republic of","2006",0,0,0,0,0,0,0,0,0,0,0,0,0,0,0,0,0,0,0,0,0,0,0,0,0,0,0
"Congo, Republic of","2007",0,0,0,0,0,0,0,0,0,0,0,0,0,0,0,0,0,0,0,0,0,0,0,0,0,0,0
"Congo, Republic of","2008",0,0,0,0,0,0,0,0,0,0,0,0,0,0,0,0,0,0,0,0,0,0,0,0,0,0,0
"Congo, Republic of","2009",1,0,1,0,0,0,1,0,1,1,0,1,0,0,0,1,0,1,0,0,0,0,0,0,0,0,0
"Congo, Republic of","2010",0,0,0,0,0,0,0,0,0,0,0,0,0,0,0,0,0,0,0,0,0,0,0,0,0,0,0
"Congo, Republic of","2011",0,0,0,0,0,0,0,0,0,0,0,0,0,0,0,0,0,0,0,0,0,0,0,0,0,0,0
"Congo, Republic of","2012",0,0,0,0,0,0,0,0,0,0,0,0,0,0,0,0,0,0,0,0,0,0,0,0,0,0,0
"Congo, Republic of","2013",0,0,0,0,0,0,0,0,0,0,0,0,0,0,0,0,0,0,0,0,0,0,0,0,0,0,0
"Congo, Republic of","2014",-1,-1,0,0,0,0,-1,-1,0,0,0,0,0,0,0,0,0,0,1,1,0,0,0,0,1,1,0
"Congo, Republic of","2015",-1,-1,0,-1,-1,0,0,0,0,1,1,0,0,0,0,1,1,0,2,2,0,1,1,0,1,1,0
"Congo, Republic of","2016",0,0,0,0,0,0,0,0,0,0,0,0,0,0,0,0,0,0,0,0,0,0,0,0,0,0,0
"Congo, Republic of","2017",1,1,0,1,1,0,0,0,0,1,1,0,1,1,0,0,0,0,0,0,0,0,0,0,0,0,0
"Congo, Republic of","2018",0,0,0,0,0,0,0,0,0,0,0,0,0,0,0,0,0,0,0,0,0,0,0,0,0,0,0
"Congo, Republic of","2019",4,3,1,0,0,0,4,3,1,4,3,1,0,0,0,4,3,1,0,0,0,0,0,0,0,0,0
"Switzerland","2004",-5,1,-6,-12,-2,-10,7,3,4,19,10,9,4,4,0,15,6,9,24,9,15,16,6,10,8,3,5
"Switzerland","2005",15,7,8,5,3,2,10,4,6,37,18,19,22,12,10,15,6,9,22,11,11,17,9,8,5,2,3
"Switzerland","2006",17,7,10,11,3,8,6,4,2,33,13,20,20,8,12,13,5,8,16,6,10,9,5,4,7,1,6
"Switzerland","2007",12,9,3,1,1,0,11,8,3,33,19,14,15,8,7,18,11,7,21,10,11,14,7,7,7,3,4
"Switzerland","2008",11,2,9,-11,-6,-5,22,8,14,41,16,25,10,5,5,31,11,20,30,14,16,21,11,10,9,3,6
"Switzerland","2009",-26,-20,-6,-18,-11,-7,-8,-9,1,38,17,21,20,8,12,18,9,9,64,37,27,38,19,19,26,18,8
"Switzerland","2010",-26,-12,-14,-22,-8,-14,-4,-4,0,20,9,11,7,6,1,13,3,10,46,21,25,29,14,15,17,7,10
"Switzerland","2011",-100,-55,-45,-102,-55,-47,2,0,2,35,13,22,14,6,8,21,7,14,135,68,67,116,61,55,19,7,12
"Switzerland","2012",-28,-22,-6,-26,-17,-9,-2,-5,3,29,9,20,18,7,11,11,2,9,57,31,26,44,24,20,13,7,6
"Switzerland","2013",-38,-13,-25,-27,-11,-16,-11,-2,-9,36,15,21,22,9,13,14,6,8,74,28,46,49,20,29,25,8,17
"Switzerland","2014",9,6,3,-8,1,-9,17,5,12,57,22,35,32,15,17,25,7,18,48,16,32,40,14,26,8,2,6
"Switzerland","2015",12,2,10,4,-3,7,8,5,3,67,30,37,34,16,18,33,14,19,55,28,27,30,19,11,25,9,16
"Switzerland","2016",-4,2,-6,-15,-4,-11,11,6,5,58,33,25,29,18,11,29,15,14,62,31,31,44,22,22,18,9,9
"Switzerland","2017",22,14,8,4,8,-4,18,6,12,68,36,32,23,17,6,45,19,26,46,22,24,19,9,10,27,13,14
"Switzerland","2018",-3,-11,8,-2,-7,5,-1,-4,3,70,27,43,38,15,23,32,12,20,73,38,35,40,22,18,33,16,17
"Switzerland","2019",1,1,0,-9,-6,-3,10,7,3,53,24,29,24,11,13,29,13,16,52,23,29,33,17,16,19,6,13
"C�te d'Ivoire","2004",0,0,0,0,0,0,0,0,0,0,0,0,0,0,0,0,0,0,0,0,0,0,0,0,0,0,0
"C�te d'Ivoire","2005",1,1,0,0,0,0,1,1,0,1,1,0,0,0,0,1,1,0,0,0,0,0,0,0,0,0,0
"C�te d'Ivoire","2006",0,0,0,0,0,0,0,0,0,0,0,0,0,0,0,0,0,0,0,0,0,0,0,0,0,0,0
"C�te d'Ivoire","2007",0,0,0,0,0,0,0,0,0,0,0,0,0,0,0,0,0,0,0,0,0,0,0,0,0,0,0
"C�te d'Ivoire","2008",0,0,0,0,0,0,0,0,0,0,0,0,0,0,0,0,0,0,0,0,0,0,0,0,0,0,0
"C�te d'Ivoire","2009",0,0,0,0,0,0,0,0,0,0,0,0,0,0,0,0,0,0,0,0,0,0,0,0,0,0,0
"C�te d'Ivoire","2010",0,0,0,0,0,0,0,0,0,0,0,0,0,0,0,0,0,0,0,0,0,0,0,0,0,0,0
"C�te d'Ivoire","2011",0,0,0,0,0,0,0,0,0,0,0,0,0,0,0,0,0,0,0,0,0,0,0,0,0,0,0
"C�te d'Ivoire","2012",0,0,0,0,0,0,0,0,0,0,0,0,0,0,0,0,0,0,0,0,0,0,0,0,0,0,0
"C�te d'Ivoire","2013",0,0,0,0,0,0,0,0,0,0,0,0,0,0,0,0,0,0,0,0,0,0,0,0,0,0,0
"C�te d'Ivoire","2014",0,0,0,0,0,0,0,0,0,0,0,0,0,0,0,0,0,0,0,0,0,0,0,0,0,0,0
"C�te d'Ivoire","2015",0,0,0,0,0,0,0,0,0,0,0,0,0,0,0,0,0,0,0,0,0,0,0,0,0,0,0
"C�te d'Ivoire","2016",3,1,2,0,0,0,3,1,2,3,1,2,0,0,0,3,1,2,0,0,0,0,0,0,0,0,0
"C�te d'Ivoire","2017",0,0,0,0,0,0,0,0,0,0,0,0,0,0,0,0,0,0,0,0,0,0,0,0,0,0,0
"C�te d'Ivoire","2018",1,1,0,0,0,0,1,1,0,1,1,0,0,0,0,1,1,0,0,0,0,0,0,0,0,0,0
"C�te d'Ivoire","2019",4,2,2,0,0,0,4,2,2,4,2,2,0,0,0,4,2,2,0,0,0,0,0,0,0,0,0
"Chile","2004",-7,-1,-6,-8,-4,-4,1,3,-2,4,3,1,0,0,0,4,3,1,11,4,7,8,4,4,3,0,3
"Chile","2005",14,12,2,-3,0,-3,17,12,5,22,14,8,4,2,2,18,12,6,8,2,6,7,2,5,1,0,1
"Chile","2006",8,3,5,1,0,1,7,3,4,9,3,6,1,0,1,8,3,5,1,0,1,0,0,0,1,0,1
"Chile","2007",-12,-11,-1,1,0,1,-13,-11,-2,4,2,2,3,1,2,1,1,0,16,13,3,2,1,1,14,12,2
"Chile","2008",-4,-2,-2,2,1,1,-6,-3,-3,4,3,1,2,1,1,2,2,0,8,5,3,0,0,0,8,5,3
"Chile","2009",-2,-4,2,-2,-2,0,0,-2,2,5,1,4,1,0,1,4,1,3,7,5,2,3,2,1,4,3,1
"Chile","2010",0,1,-1,0,0,0,0,1,-1,4,1,3,0,0,0,4,1,3,4,0,4,0,0,0,4,0,4
"Chile","2011",-5,-1,-4,-3,0,-3,-2,-1,-1,1,1,0,0,0,0,1,1,0,6,2,4,3,0,3,3,2,1
"Chile","2012",2,1,1,1,1,0,1,0,1,3,2,1,1,1,0,2,1,1,1,1,0,0,0,0,1,1,0
"Chile","2013",1,0,1,1,0,1,0,0,0,4,3,1,3,2,1,1,1,0,3,3,0,2,2,0,1,1,0
"Chile","2014",5,4,1,0,0,0,5,4,1,5,4,1,0,0,0,5,4,1,0,0,0,0,0,0,0,0,0
"Chile","2015",0,1,-1,-1,0,-1,1,1,0,1,1,0,0,0,0,1,1,0,1,0,1,1,0,1,0,0,0
"Chile","2016",2,0,2,0,0,0,2,0,2,7,3,4,1,0,1,6,3,3,5,3,2,1,0,1,4,3,1
"Chile","2017",1,-1,2,0,0,0,1,-1,2,5,2,3,0,0,0,5,2,3,4,3,1,0,0,0,4,3,1
"Chile","2018",5,2,3,0,0,0,5,2,3,7,4,3,0,0,0,7,4,3,2,2,0,0,0,0,2,2,0
"Chile","2019",9,5,4,0,0,0,9,5,4,10,5,5,0,0,0,10,5,5,1,0,1,0,0,0,1,0,1
"Cameroon","2004",0,0,0,0,0,0,0,0,0,0,0,0,0,0,0,0,0,0,0,0,0,0,0,0,0,0,0
"Cameroon","2005",2,2,0,0,0,0,2,2,0,2,2,0,0,0,0,2,2,0,0,0,0,0,0,0,0,0,0
"Cameroon","2006",0,0,0,0,0,0,0,0,0,0,0,0,0,0,0,0,0,0,0,0,0,0,0,0,0,0,0
"Cameroon","2007",1,1,0,0,0,0,1,1,0,1,1,0,0,0,0,1,1,0,0,0,0,0,0,0,0,0,0
"Cameroon","2008",2,1,1,0,0,0,2,1,1,2,1,1,0,0,0,2,1,1,0,0,0,0,0,0,0,0,0
"Cameroon","2009",1,1,0,0,0,0,1,1,0,2,2,0,0,0,0,2,2,0,1,1,0,0,0,0,1,1,0
"Cameroon","2010",2,2,0,0,0,0,2,2,0,3,3,0,0,0,0,3,3,0,1,1,0,0,0,0,1,1,0
"Cameroon","2011",1,1,0,0,0,0,1,1,0,1,1,0,0,0,0,1,1,0,0,0,0,0,0,0,0,0,0
"Cameroon","2012",2,1,1,0,0,0,2,1,1,3,2,1,0,0,0,3,2,1,1,1,0,0,0,0,1,1,0
"Cameroon","2013",-1,-2,1,0,0,0,-1,-2,1,2,1,1,0,0,0,2,1,1,3,3,0,0,0,0,3,3,0
"Cameroon","2014",0,0,0,0,0,0,0,0,0,1,1,0,0,0,0,1,1,0,1,1,0,0,0,0,1,1,0
"Cameroon","2015",2,2,0,0,0,0,2,2,0,3,2,1,0,0,0,3,2,1,1,0,1,0,0,0,1,0,1
"Cameroon","2016",2,1,1,0,0,0,2,1,1,3,1,2,0,0,0,3,1,2,1,0,1,0,0,0,1,0,1
"Cameroon","2017",-2,-1,-1,0,0,0,-2,-1,-1,1,1,0,0,0,0,1,1,0,3,2,1,0,0,0,3,2,1
"Cameroon","2018",-1,-1,0,0,0,0,-1,-1,0,0,0,0,0,0,0,0,0,0,1,1,0,0,0,0,1,1,0
"Cameroon","2019",6,2,4,0,0,0,6,2,4,7,2,5,0,0,0,7,2,5,1,0,1,0,0,0,1,0,1
"China","2004",86,54,32,8,-1,9,78,55,23,103,62,41,10,1,9,93,61,32,17,8,9,2,2,0,15,6,9
"China","2005",412,344,68,23,-2,25,389,346,43,432,359,73,25,0,25,407,359,48,20,15,5,2,2,0,18,13,5
"China","2006",176,149,27,-8,-6,-2,184,155,29,198,162,36,5,2,3,193,160,33,22,13,9,13,8,5,9,5,4
"China","2007",-338,-355,17,5,-1,6,-343,-354,11,105,61,44,13,5,8,92,56,36,443,416,27,8,6,2,435,410,25
"China","2008",-137,-143,6,5,-1,6,-142,-142,0,83,46,37,13,5,8,70,41,29,220,189,31,8,6,2,212,183,29
"China","2009",12,3,9,-4,-2,-2,16,5,11,76,40,36,13,8,5,63,32,31,64,37,27,17,10,7,47,27,20
"China","2010",44,28,16,9,4,5,35,24,11,95,56,39,18,10,8,77,46,31,51,28,23,9,6,3,42,22,20
"China","2011",-6,-18,12,13,8,5,-19,-26,7,78,37,41,18,10,8,60,27,33,84,55,29,5,2,3,79,53,26
"China","2012",21,10,11,-10,-1,-9,31,11,20,64,30,34,15,11,4,49,19,30,43,20,23,25,12,13,18,8,10
"China","2013",5,-8,13,15,5,10,-10,-13,3,55,23,32,18,7,11,37,16,21,50,31,19,3,2,1,47,29,18
"China","2014",29,2,27,3,2,1,26,0,26,83,35,48,16,8,8,67,27,40,54,33,21,13,6,7,41,27,14
"China","2015",30,14,16,-2,1,-3,32,13,19,74,29,45,9,6,3,65,23,42,44,15,29,11,5,6,33,10,23
"China","2016",30,17,13,11,4,7,19,13,6,79,35,44,12,5,7,67,30,37,49,18,31,1,1,0,48,17,31
"China","2017",45,20,25,12,7,5,33,13,20,95,38,57,16,8,8,79,30,49,50,18,32,4,1,3,46,17,29
"China","2018",22,13,9,3,0,3,19,13,6,81,38,43,8,3,5,73,35,38,59,25,34,5,3,2,54,22,32
"China","2019",19,13,6,-1,1,-2,20,12,8,63,30,33,2,2,0,61,28,33,44,17,27,3,1,2,41,16,25
"Colombia","2004",11,6,5,-1,-1,0,12,7,5,13,8,5,0,0,0,13,8,5,2,2,0,1,1,0,1,1,0
"Colombia","2005",34,16,18,0,0,0,34,16,18,36,18,18,0,0,0,36,18,18,2,2,0,0,0,0,2,2,0
"Colombia","2006",10,3,7,0,0,0,10,3,7,11,3,8,0,0,0,11,3,8,1,0,1,0,0,0,1,0,1
"Colombia","2007",-8,-8,0,0,0,0,-8,-8,0,8,5,3,0,0,0,8,5,3,16,13,3,0,0,0,16,13,3
"Colombia","2008",-3,-1,-2,0,0,0,-3,-1,-2,5,3,2,0,0,0,5,3,2,8,4,4,0,0,0,8,4,4
"Colombia","2009",7,4,3,1,1,0,6,3,3,11,6,5,3,3,0,8,3,5,4,2,2,2,2,0,2,0,2
"Colombia","2010",5,0,5,1,0,1,4,0,4,7,1,6,1,0,1,6,1,5,2,1,1,0,0,0,2,1,1
"Colombia","2011",4,1,3,1,1,0,3,0,3,7,3,4,1,1,0,6,2,4,3,2,1,0,0,0,3,2,1
"Colombia","2012",8,2,6,-1,-1,0,9,3,6,11,4,7,0,0,0,11,4,7,3,2,1,1,1,0,2,1,1
"Colombia","2013",9,4,5,1,1,0,8,3,5,11,5,6,1,1,0,10,4,6,2,1,1,0,0,0,2,1,1
"Colombia","2014",5,-1,6,0,0,0,5,-1,6,8,1,7,0,0,0,8,1,7,3,2,1,0,0,0,3,2,1
"Colombia","2015",2,0,2,-1,-2,1,3,2,1,9,5,4,2,1,1,7,4,3,7,5,2,3,3,0,4,2,2
"Colombia","2016",11,4,7,0,0,0,11,4,7,17,8,9,2,2,0,15,6,9,6,4,2,2,2,0,4,2,2
"Colombia","2017",-1,-1,0,1,1,0,-2,-2,0,8,4,4,1,1,0,7,3,4,9,5,4,0,0,0,9,5,4
"Colombia","2018",14,9,5,1,1,0,13,8,5,17,10,7,1,1,0,16,9,7,3,1,2,0,0,0,3,1,2
"Colombia","2019",12,6,6,3,2,1,9,4,5,15,8,7,3,2,1,12,6,6,3,2,1,0,0,0,3,2,1
"Costa Rica","2004",0,0,0,0,0,0,0,0,0,0,0,0,0,0,0,0,0,0,0,0,0,0,0,0,0,0,0
"Costa Rica","2005",0,0,0,0,0,0,0,0,0,0,0,0,0,0,0,0,0,0,0,0,0,0,0,0,0,0,0
"Costa Rica","2006",3,2,1,0,0,0,3,2,1,5,4,1,0,0,0,5,4,1,2,2,0,0,0,0,2,2,0
"Costa Rica","2007",2,1,1,0,0,0,2,1,1,3,2,1,0,0,0,3,2,1,1,1,0,0,0,0,1,1,0
"Costa Rica","2008",-3,-2,-1,0,0,0,-3,-2,-1,1,1,0,0,0,0,1,1,0,4,3,1,0,0,0,4,3,1
"Costa Rica","2009",0,0,0,0,0,0,0,0,0,2,2,0,0,0,0,2,2,0,2,2,0,0,0,0,2,2,0
"Costa Rica","2010",0,-1,1,0,0,0,0,-1,1,1,0,1,0,0,0,1,0,1,1,1,0,0,0,0,1,1,0
"Costa Rica","2011",-1,-1,0,0,0,0,-1,-1,0,1,1,0,0,0,0,1,1,0,2,2,0,0,0,0,2,2,0
"Costa Rica","2012",0,0,0,0,0,0,0,0,0,0,0,0,0,0,0,0,0,0,0,0,0,0,0,0,0,0,0
"Costa Rica","2013",2,2,0,0,0,0,2,2,0,2,2,0,0,0,0,2,2,0,0,0,0,0,0,0,0,0,0
"Costa Rica","2014",0,0,0,-1,-1,0,1,1,0,1,1,0,0,0,0,1,1,0,1,1,0,1,1,0,0,0,0
"Costa Rica","2015",1,-1,2,0,0,0,1,-1,2,2,0,2,0,0,0,2,0,2,1,1,0,0,0,0,1,1,0
"Costa Rica","2016",7,5,2,0,0,0,7,5,2,7,5,2,0,0,0,7,5,2,0,0,0,0,0,0,0,0,0
"Costa Rica","2017",-1,0,-1,0,0,0,-1,0,-1,1,1,0,0,0,0,1,1,0,2,1,1,0,0,0,2,1,1
"Costa Rica","2018",3,2,1,1,1,0,2,1,1,3,2,1,1,1,0,2,1,1,0,0,0,0,0,0,0,0,0
"Costa Rica","2019",-3,-2,-1,0,0,0,-3,-2,-1,1,0,1,1,0,1,0,0,0,4,2,2,1,0,1,3,2,1
"Serbia and Montenegro","2004",7,4,3,0,0,0,7,4,3,18,10,8,0,0,0,18,10,8,11,6,5,0,0,0,11,6,5
"Serbia and Montenegro","2005",92,57,35,-3,-1,-2,95,58,37,99,61,38,0,0,0,99,61,38,7,4,3,3,1,2,4,3,1
"Serbia and Montenegro","2006",26,10,16,0,0,0,26,10,16,48,24,24,3,0,3,45,24,21,22,14,8,3,0,3,19,14,5
"Serbia and Montenegro","2007",0,0,0,0,0,0,0,0,0,0,0,0,0,0,0,0,0,0,0,0,0,0,0,0,0,0,0
"Serbia and Montenegro","2008",0,0,0,0,0,0,0,0,0,0,0,0,0,0,0,0,0,0,0,0,0,0,0,0,0,0,0
"Serbia and Montenegro","2009",0,0,0,0,0,0,0,0,0,0,0,0,0,0,0,0,0,0,0,0,0,0,0,0,0,0,0
"Serbia and Montenegro","2010",0,0,0,0,0,0,0,0,0,0,0,0,0,0,0,0,0,0,0,0,0,0,0,0,0,0,0
"Serbia and Montenegro","2011",0,0,0,0,0,0,0,0,0,0,0,0,0,0,0,0,0,0,0,0,0,0,0,0,0,0,0
"Serbia and Montenegro","2012",0,0,0,0,0,0,0,0,0,0,0,0,0,0,0,0,0,0,0,0,0,0,0,0,0,0,0
"Serbia and Montenegro","2013",0,0,0,0,0,0,0,0,0,0,0,0,0,0,0,0,0,0,0,0,0,0,0,0,0,0,0
"Serbia and Montenegro","2014",0,0,0,0,0,0,0,0,0,0,0,0,0,0,0,0,0,0,0,0,0,0,0,0,0,0,0
"Serbia and Montenegro","2015",0,0,0,0,0,0,0,0,0,0,0,0,0,0,0,0,0,0,0,0,0,0,0,0,0,0,0
"Serbia and Montenegro","2016",0,0,0,0,0,0,0,0,0,0,0,0,0,0,0,0,0,0,0,0,0,0,0,0,0,0,0
"Serbia and Montenegro","2017",0,0,0,0,0,0,0,0,0,0,0,0,0,0,0,0,0,0,0,0,0,0,0,0,0,0,0
"Serbia and Montenegro","2018",0,0,0,0,0,0,0,0,0,0,0,0,0,0,0,0,0,0,0,0,0,0,0,0,0,0,0
"Serbia and Montenegro","2019",0,0,0,0,0,0,0,0,0,0,0,0,0,0,0,0,0,0,0,0,0,0,0,0,0,0,0
"Cuba","2004",-1,-1,0,0,0,0,-1,-1,0,1,0,1,0,0,0,1,0,1,2,1,1,0,0,0,2,1,1
"Cuba","2005",4,2,2,0,0,0,4,2,2,4,2,2,0,0,0,4,2,2,0,0,0,0,0,0,0,0,0
"Cuba","2006",2,1,1,0,0,0,2,1,1,3,1,2,0,0,0,3,1,2,1,0,1,0,0,0,1,0,1
"Cuba","2007",8,3,5,0,0,0,8,3,5,8,3,5,0,0,0,8,3,5,0,0,0,0,0,0,0,0,0
"Cuba","2008",3,1,2,0,0,0,3,1,2,6,1,5,0,0,0,6,1,5,3,0,3,0,0,0,3,0,3
"Cuba","2009",1,2,-1,0,0,0,1,2,-1,4,2,2,0,0,0,4,2,2,3,0,3,0,0,0,3,0,3
"Cuba","2010",2,0,2,0,0,0,2,0,2,2,0,2,0,0,0,2,0,2,0,0,0,0,0,0,0,0,0
"Cuba","2011",0,0,0,0,0,0,0,0,0,1,0,1,0,0,0,1,0,1,1,0,1,0,0,0,1,0,1
"Cuba","2012",6,3,3,1,1,0,5,2,3,6,3,3,1,1,0,5,2,3,0,0,0,0,0,0,0,0,0
"Cuba","2013",6,3,3,0,0,0,6,3,3,6,3,3,0,0,0,6,3,3,0,0,0,0,0,0,0,0,0
"Cuba","2014",6,3,3,0,0,0,6,3,3,7,4,3,0,0,0,7,4,3,1,1,0,0,0,0,1,1,0
"Cuba","2015",1,-1,2,0,0,0,1,-1,2,4,0,4,0,0,0,4,0,4,3,1,2,0,0,0,3,1,2
"Cuba","2016",-3,2,-5,0,0,0,-3,2,-5,3,3,0,0,0,0,3,3,0,6,1,5,0,0,0,6,1,5
"Cuba","2017",4,2,2,0,0,0,4,2,2,5,3,2,0,0,0,5,3,2,1,1,0,0,0,0,1,1,0
"Cuba","2018",0,0,0,0,0,0,0,0,0,1,0,1,0,0,0,1,0,1,1,0,1,0,0,0,1,0,1
"Cuba","2019",0,0,0,0,0,0,0,0,0,1,0,1,0,0,0,1,0,1,1,0,1,0,0,0,1,0,1
"Cabo Verde","2004",2,1,1,-1,-1,0,3,2,1,4,2,2,0,0,0,4,2,2,2,1,1,1,1,0,1,0,1
"Cabo Verde","2005",-2,-1,-1,0,0,0,-2,-1,-1,0,0,0,0,0,0,0,0,0,2,1,1,0,0,0,2,1,1
"Cabo Verde","2006",-1,0,-1,1,1,0,-2,-1,-1,1,1,0,1,1,0,0,0,0,2,1,1,0,0,0,2,1,1
"Cabo Verde","2007",4,3,1,0,0,0,4,3,1,4,3,1,0,0,0,4,3,1,0,0,0,0,0,0,0,0,0
"Cabo Verde","2008",4,3,1,0,0,0,4,3,1,4,3,1,0,0,0,4,3,1,0,0,0,0,0,0,0,0,0
"Cabo Verde","2009",1,0,1,0,0,0,1,0,1,1,0,1,0,0,0,1,0,1,0,0,0,0,0,0,0,0,0
"Cabo Verde","2010",-3,-2,-1,0,0,0,-3,-2,-1,0,0,0,0,0,0,0,0,0,3,2,1,0,0,0,3,2,1
"Cabo Verde","2011",-1,-1,0,0,0,0,-1,-1,0,0,0,0,0,0,0,0,0,0,1,1,0,0,0,0,1,1,0
"Cabo Verde","2012",0,0,0,0,0,0,0,0,0,1,1,0,0,0,0,1,1,0,1,1,0,0,0,0,1,1,0
"Cabo Verde","2013",1,0,1,0,0,0,1,0,1,1,0,1,0,0,0,1,0,1,0,0,0,0,0,0,0,0,0
"Cabo Verde","2014",2,2,0,0,0,0,2,2,0,2,2,0,0,0,0,2,2,0,0,0,0,0,0,0,0,0,0
"Cabo Verde","2015",1,1,0,0,0,0,1,1,0,2,2,0,0,0,0,2,2,0,1,1,0,0,0,0,1,1,0
"Cabo Verde","2016",2,-1,3,0,0,0,2,-1,3,3,0,3,0,0,0,3,0,3,1,1,0,0,0,0,1,1,0
"Cabo Verde","2017",1,1,0,0,0,0,1,1,0,3,2,1,0,0,0,3,2,1,2,1,1,0,0,0,2,1,1
"Cabo Verde","2018",5,3,2,0,0,0,5,3,2,5,3,2,0,0,0,5,3,2,0,0,0,0,0,0,0,0,0
"Cabo Verde","2019",-3,-2,-1,0,0,0,-3,-2,-1,1,0,1,0,0,0,1,0,1,4,2,2,0,0,0,4,2,2
"Curacao","2004",0,0,0,0,0,0,0,0,0,0,0,0,0,0,0,0,0,0,0,0,0,0,0,0,0,0,0
"Curacao","2005",0,0,0,0,0,0,0,0,0,0,0,0,0,0,0,0,0,0,0,0,0,0,0,0,0,0,0
"Curacao","2006",0,0,0,0,0,0,0,0,0,0,0,0,0,0,0,0,0,0,0,0,0,0,0,0,0,0,0
"Curacao","2007",0,0,0,0,0,0,0,0,0,0,0,0,0,0,0,0,0,0,0,0,0,0,0,0,0,0,0
"Curacao","2008",0,0,0,0,0,0,0,0,0,0,0,0,0,0,0,0,0,0,0,0,0,0,0,0,0,0,0
"Curacao","2009",0,0,0,0,0,0,0,0,0,0,0,0,0,0,0,0,0,0,0,0,0,0,0,0,0,0,0
"Curacao","2010",0,0,0,0,0,0,0,0,0,0,0,0,0,0,0,0,0,0,0,0,0,0,0,0,0,0,0
"Curacao","2011",0,0,0,0,0,0,0,0,0,0,0,0,0,0,0,0,0,0,0,0,0,0,0,0,0,0,0
"Curacao","2012",0,0,0,0,0,0,0,0,0,0,0,0,0,0,0,0,0,0,0,0,0,0,0,0,0,0,0
"Curacao","2013",1,0,1,0,0,0,1,0,1,1,0,1,0,0,0,1,0,1,0,0,0,0,0,0,0,0,0
"Curacao","2014",0,0,0,0,0,0,0,0,0,0,0,0,0,0,0,0,0,0,0,0,0,0,0,0,0,0,0
"Curacao","2015",0,0,0,0,0,0,0,0,0,0,0,0,0,0,0,0,0,0,0,0,0,0,0,0,0,0,0
"Curacao","2016",0,0,0,0,0,0,0,0,0,0,0,0,0,0,0,0,0,0,0,0,0,0,0,0,0,0,0
"Curacao","2017",0,0,0,0,0,0,0,0,0,0,0,0,0,0,0,0,0,0,0,0,0,0,0,0,0,0,0
"Curacao","2018",0,0,0,0,0,0,0,0,0,0,0,0,0,0,0,0,0,0,0,0,0,0,0,0,0,0,0
"Curacao","2019",0,0,0,0,0,0,0,0,0,0,0,0,0,0,0,0,0,0,0,0,0,0,0,0,0,0,0
"Cyprus","2004",0,0,0,0,0,0,0,0,0,0,0,0,0,0,0,0,0,0,0,0,0,0,0,0,0,0,0
"Cyprus","2005",0,0,0,0,0,0,0,0,0,0,0,0,0,0,0,0,0,0,0,0,0,0,0,0,0,0,0
"Cyprus","2006",0,0,0,0,0,0,0,0,0,0,0,0,0,0,0,0,0,0,0,0,0,0,0,0,0,0,0
"Cyprus","2007",-2,-1,-1,-2,-1,-1,0,0,0,0,0,0,0,0,0,0,0,0,2,1,1,2,1,1,0,0,0
"Cyprus","2008",3,2,1,2,1,1,1,1,0,3,2,1,2,1,1,1,1,0,0,0,0,0,0,0,0,0,0
"Cyprus","2009",1,2,-1,-1,0,-1,2,2,0,3,3,0,0,0,0,3,3,0,2,1,1,1,0,1,1,1,0
"Cyprus","2010",-1,-1,0,0,0,0,-1,-1,0,1,1,0,0,0,0,1,1,0,2,2,0,0,0,0,2,2,0
"Cyprus","2011",0,0,0,0,0,0,0,0,0,0,0,0,0,0,0,0,0,0,0,0,0,0,0,0,0,0,0
"Cyprus","2012",-2,-2,0,-1,-1,0,-1,-1,0,0,0,0,0,0,0,0,0,0,2,2,0,1,1,0,1,1,0
"Cyprus","2013",2,3,-1,1,1,0,1,2,-1,4,3,1,2,1,1,2,2,0,2,0,2,1,0,1,1,0,1
"Cyprus","2014",-1,0,-1,-1,-1,0,0,1,-1,1,1,0,0,0,0,1,1,0,2,1,1,1,1,0,1,0,1
"Cyprus","2015",0,0,0,-1,-1,0,1,1,0,1,1,0,0,0,0,1,1,0,1,1,0,1,1,0,0,0,0
"Cyprus","2016",-1,-2,1,-2,-2,0,1,0,1,1,0,1,0,0,0,1,0,1,2,2,0,2,2,0,0,0,0
"Cyprus","2017",4,3,1,0,1,-1,4,2,2,5,3,2,1,1,0,4,2,2,1,0,1,1,0,1,0,0,0
"Cyprus","2018",-7,-3,-4,-8,-4,-4,1,1,0,3,2,1,2,1,1,1,1,0,10,5,5,10,5,5,0,0,0
"Cyprus","2019",-6,-3,-3,-4,-3,-1,-2,0,-2,6,5,1,5,4,1,1,1,0,12,8,4,9,7,2,3,1,2
"Czechia","2004",5,1,4,0,-1,1,5,2,3,11,5,6,1,0,1,10,5,5,6,4,2,1,1,0,5,3,2
"Czechia","2005",4,3,1,0,0,0,4,3,1,9,5,4,0,0,0,9,5,4,5,2,3,0,0,0,5,2,3
"Czechia","2006",96,80,16,-2,-1,-1,98,81,17,104,85,19,2,2,0,102,83,19,8,5,3,4,3,1,4,2,2
"Czechia","2007",94,64,30,-3,-2,-1,97,66,31,120,85,35,1,1,0,119,84,35,26,21,5,4,3,1,22,18,4
"Czechia","2008",29,19,10,-2,-1,-1,31,20,11,116,79,37,6,3,3,110,76,34,87,60,27,8,4,4,79,56,23
"Czechia","2009",-114,-115,1,-6,-7,1,-108,-108,0,62,27,35,5,2,3,57,25,32,176,142,34,11,9,2,165,133,32
"Czechia","2010",-15,-18,3,0,-1,1,-15,-17,2,40,14,26,2,1,1,38,13,25,55,32,23,2,2,0,53,30,23
"Czechia","2011",7,4,3,-3,-2,-1,10,6,4,39,15,24,1,1,0,38,14,24,32,11,21,4,3,1,28,8,20
"Czechia","2012",-6,-1,-5,2,2,0,-8,-3,-5,30,12,18,5,3,2,25,9,16,36,13,23,3,1,2,33,12,21
"Czechia","2013",25,24,1,1,2,-1,24,22,2,65,39,26,3,3,0,62,36,26,40,15,25,2,1,1,38,14,24
"Czechia","2014",63,50,13,2,2,0,61,48,13,115,76,39,4,4,0,111,72,39,52,26,26,2,2,0,50,24,26
"Czechia","2015",71,32,39,-1,-1,0,72,33,39,143,78,65,3,3,0,140,75,65,72,46,26,4,4,0,68,42,26
"Czechia","2016",48,20,28,0,-1,1,48,21,27,194,96,98,2,0,2,192,96,96,146,76,70,2,1,1,144,75,69
"Czechia","2017",166,93,73,-7,-2,-5,173,95,78,306,157,149,0,0,0,306,157,149,140,64,76,7,2,5,133,62,71
"Czechia","2018",215,111,104,1,-2,3,214,113,101,363,182,181,5,1,4,358,181,177,148,71,77,4,3,1,144,68,76
"Czechia","2019",114,57,57,-9,-4,-5,123,61,62,341,171,170,0,0,0,341,171,170,227,114,113,9,4,5,218,110,108
"German Dem. Rep.","2004",0,0,0,0,0,0,0,0,0,0,0,0,0,0,0,0,0,0,0,0,0,0,0,0,0,0,0
"German Dem. Rep.","2005",0,0,0,0,0,0,0,0,0,0,0,0,0,0,0,0,0,0,0,0,0,0,0,0,0,0,0
"German Dem. Rep.","2006",0,0,0,0,0,0,0,0,0,0,0,0,0,0,0,0,0,0,0,0,0,0,0,0,0,0,0
"German Dem. Rep.","2007",0,0,0,0,0,0,0,0,0,0,0,0,0,0,0,0,0,0,0,0,0,0,0,0,0,0,0
"German Dem. Rep.","2008",0,0,0,0,0,0,0,0,0,0,0,0,0,0,0,0,0,0,0,0,0,0,0,0,0,0,0
"German Dem. Rep.","2009",0,0,0,0,0,0,0,0,0,0,0,0,0,0,0,0,0,0,0,0,0,0,0,0,0,0,0
"German Dem. Rep.","2010",0,0,0,0,0,0,0,0,0,0,0,0,0,0,0,0,0,0,0,0,0,0,0,0,0,0,0
"German Dem. Rep.","2011",0,0,0,0,0,0,0,0,0,0,0,0,0,0,0,0,0,0,0,0,0,0,0,0,0,0,0
"German Dem. Rep.","2012",0,0,0,0,0,0,0,0,0,0,0,0,0,0,0,0,0,0,0,0,0,0,0,0,0,0,0
"German Dem. Rep.","2013",0,0,0,0,0,0,0,0,0,0,0,0,0,0,0,0,0,0,0,0,0,0,0,0,0,0,0
"German Dem. Rep.","2014",0,0,0,0,0,0,0,0,0,0,0,0,0,0,0,0,0,0,0,0,0,0,0,0,0,0,0
"German Dem. Rep.","2015",0,0,0,0,0,0,0,0,0,0,0,0,0,0,0,0,0,0,0,0,0,0,0,0,0,0,0
"German Dem. Rep.","2016",0,0,0,0,0,0,0,0,0,0,0,0,0,0,0,0,0,0,0,0,0,0,0,0,0,0,0
"German Dem. Rep.","2017",0,0,0,0,0,0,0,0,0,0,0,0,0,0,0,0,0,0,0,0,0,0,0,0,0,0,0
"German Dem. Rep.","2018",0,0,0,0,0,0,0,0,0,0,0,0,0,0,0,0,0,0,0,0,0,0,0,0,0,0,0
"German Dem. Rep.","2019",0,0,0,0,0,0,0,0,0,0,0,0,0,0,0,0,0,0,0,0,0,0,0,0,0,0,0
"Germany","2004",-49,-22,-27,-17,-19,2,-32,-3,-29,218,80,138,83,41,42,135,39,96,267,102,165,100,60,40,167,42,125
"Germany","2005",311,215,96,63,37,26,248,178,70,415,257,158,115,63,52,300,194,106,104,42,62,52,26,26,52,16,36
"Germany","2006",188,131,57,11,9,2,177,122,55,394,241,153,79,44,35,315,197,118,206,110,96,68,35,33,138,75,63
"Germany","2007",168,69,99,35,15,20,133,54,79,395,203,192,94,48,46,301,155,146,227,134,93,59,33,26,168,101,67
"Germany","2008",89,-25,114,-1,0,-1,90,-25,115,375,160,215,61,31,30,314,129,185,286,185,101,62,31,31,224,154,70
"Germany","2009",-192,-133,-59,-94,-50,-44,-98,-83,-15,237,84,153,37,16,21,200,68,132,429,217,212,131,66,65,298,151,147
"Germany","2010",-66,-34,-32,-46,-26,-20,-20,-8,-12,237,101,136,46,21,25,191,80,111,303,135,168,92,47,45,211,88,123
"Germany","2011",-164,-94,-70,-79,-33,-46,-85,-61,-24,241,90,151,87,45,42,154,45,109,405,184,221,166,78,88,239,106,133
"Germany","2012",-94,-50,-44,-9,-9,0,-85,-41,-44,192,69,123,83,41,42,109,28,81,286,119,167,92,50,42,194,69,125
"Germany","2013",99,22,77,27,6,21,72,16,56,317,108,209,99,48,51,218,60,158,218,86,132,72,42,30,146,44,102
"Germany","2014",45,19,26,-25,-6,-19,70,25,45,282,111,171,75,44,31,207,67,140,237,92,145,100,50,50,137,42,95
"Germany","2015",-17,-17,0,-60,-35,-25,43,18,25,238,90,148,60,29,31,178,61,117,255,107,148,120,64,56,135,43,92
"Germany","2016",51,29,22,7,3,4,44,26,18,361,157,204,103,57,46,258,100,158,310,128,182,96,54,42,214,74,140
"Germany","2017",92,45,47,-13,-10,-3,105,55,50,407,184,223,90,42,48,317,142,175,315,139,176,103,52,51,212,87,125
"Germany","2018",71,-2,73,-17,-13,-4,88,11,77,389,140,249,79,41,38,310,99,211,318,142,176,96,54,42,222,88,134
"Germany","2019",56,-4,60,-20,-8,-12,76,4,72,300,107,193,57,36,21,243,71,172,244,111,133,77,44,33,167,67,100
"Djibouti","2004",0,0,0,0,0,0,0,0,0,0,0,0,0,0,0,0,0,0,0,0,0,0,0,0,0,0,0
"Djibouti","2005",1,0,1,0,0,0,1,0,1,2,1,1,0,0,0,2,1,1,1,1,0,0,0,0,1,1,0
"Djibouti","2006",1,1,0,0,0,0,1,1,0,1,1,0,0,0,0,1,1,0,0,0,0,0,0,0,0,0,0
"Djibouti","2007",1,1,0,0,0,0,1,1,0,1,1,0,0,0,0,1,1,0,0,0,0,0,0,0,0,0,0
"Djibouti","2008",0,0,0,0,0,0,0,0,0,0,0,0,0,0,0,0,0,0,0,0,0,0,0,0,0,0,0
"Djibouti","2009",0,0,0,0,0,0,0,0,0,2,2,0,0,0,0,2,2,0,2,2,0,0,0,0,2,2,0
"Djibouti","2010",0,0,0,0,0,0,0,0,0,1,1,0,0,0,0,1,1,0,1,1,0,0,0,0,1,1,0
"Djibouti","2011",0,0,0,0,0,0,0,0,0,0,0,0,0,0,0,0,0,0,0,0,0,0,0,0,0,0,0
"Djibouti","2012",1,1,0,0,0,0,1,1,0,1,1,0,0,0,0,1,1,0,0,0,0,0,0,0,0,0,0
"Djibouti","2013",2,2,0,0,0,0,2,2,0,2,2,0,0,0,0,2,2,0,0,0,0,0,0,0,0,0,0
"Djibouti","2014",-4,-4,0,0,0,0,-4,-4,0,2,2,0,0,0,0,2,2,0,6,6,0,0,0,0,6,6,0
"Djibouti","2015",2,1,1,0,0,0,2,1,1,4,2,2,0,0,0,4,2,2,2,1,1,0,0,0,2,1,1
"Djibouti","2016",-1,0,-1,0,0,0,-1,0,-1,3,2,1,0,0,0,3,2,1,4,2,2,0,0,0,4,2,2
"Djibouti","2017",0,0,0,0,0,0,0,0,0,2,1,1,0,0,0,2,1,1,2,1,1,0,0,0,2,1,1
"Djibouti","2018",-2,-1,-1,-1,0,-1,-1,-1,0,1,1,0,0,0,0,1,1,0,3,2,1,1,0,1,2,2,0
"Djibouti","2019",3,1,2,2,1,1,1,0,1,4,1,3,2,1,1,2,0,2,1,0,1,0,0,0,1,0,1
"Denmark","2004",-320,-115,-205,-328,-130,-198,8,15,-7,1463,740,723,1307,669,638,156,71,85,1783,855,928,1635,799,836,148,56,92
"Denmark","2005",-103,-10,-93,-127,-22,-105,24,12,12,1488,734,754,1333,664,669,155,70,85,1591,744,847,1460,686,774,131,58,73
"Denmark","2006",-174,-70,-104,-235,-103,-132,61,33,28,1488,738,750,1283,642,641,205,96,109,1662,808,854,1518,745,773,144,63,81
"Denmark","2007",-147,-58,-89,-187,-76,-111,40,18,22,1673,825,848,1494,746,748,179,79,100,1820,883,937,1681,822,859,139,61,78
"Denmark","2008",-112,-43,-69,-67,-32,-35,-45,-11,-34,1590,784,806,1461,715,746,129,69,60,1702,827,875,1528,747,781,174,80,94
"Denmark","2009",-367,-181,-186,-290,-146,-144,-77,-35,-42,1193,584,609,1137,558,579,56,26,30,1560,765,795,1427,704,723,133,61,72
"Denmark","2010",-2,51,-53,-12,42,-54,10,9,1,1143,592,551,1071,554,517,72,38,34,1145,541,604,1083,512,571,62,29,33
"Denmark","2011",404,200,204,382,191,191,22,9,13,1293,624,669,1206,574,632,87,50,37,889,424,465,824,383,441,65,41,24
"Denmark","2012",191,106,85,183,93,90,8,13,-5,1213,599,614,1132,552,580,81,47,34,1022,493,529,949,459,490,73,34,39
"Denmark","2013",303,152,151,290,142,148,13,10,3,1112,556,556,1006,500,506,106,56,50,809,404,405,716,358,358,93,46,47
"Denmark","2014",-49,12,-61,-58,-2,-56,9,14,-5,893,458,435,771,387,384,122,71,51,942,446,496,829,389,440,113,57,56
"Denmark","2015",-329,-158,-171,-349,-177,-172,20,19,1,813,427,386,681,351,330,132,76,56,1142,585,557,1030,528,502,112,57,55
"Denmark","2016",-107,-6,-101,-164,-27,-137,57,21,36,1006,517,489,829,434,395,177,83,94,1113,523,590,993,461,532,120,62,58
"Denmark","2017",51,47,4,23,36,-13,28,11,17,1073,516,557,911,435,476,162,81,81,1022,469,553,888,399,489,134,70,64
"Denmark","2018",-106,-42,-64,-113,-61,-52,7,19,-12,977,478,499,808,387,421,169,91,78,1083,520,563,921,448,473,162,72,90
"Denmark","2019",-145,-29,-116,-109,-12,-97,-36,-17,-19,931,471,460,804,409,395,127,62,65,1076,500,576,913,421,492,163,79,84
"Dominica","2004",0,0,0,0,0,0,0,0,0,0,0,0,0,0,0,0,0,0,0,0,0,0,0,0,0,0,0
"Dominica","2005",0,0,0,0,0,0,0,0,0,0,0,0,0,0,0,0,0,0,0,0,0,0,0,0,0,0,0
"Dominica","2006",0,0,0,0,0,0,0,0,0,0,0,0,0,0,0,0,0,0,0,0,0,0,0,0,0,0,0
"Dominica","2007",0,0,0,0,0,0,0,0,0,0,0,0,0,0,0,0,0,0,0,0,0,0,0,0,0,0,0
"Dominica","2008",0,0,0,0,0,0,0,0,0,0,0,0,0,0,0,0,0,0,0,0,0,0,0,0,0,0,0
"Dominica","2009",0,0,0,0,0,0,0,0,0,0,0,0,0,0,0,0,0,0,0,0,0,0,0,0,0,0,0
"Dominica","2010",0,0,0,0,0,0,0,0,0,1,0,1,0,0,0,1,0,1,1,0,1,0,0,0,1,0,1
"Dominica","2011",0,0,0,0,0,0,0,0,0,0,0,0,0,0,0,0,0,0,0,0,0,0,0,0,0,0,0
"Dominica","2012",0,0,0,0,0,0,0,0,0,0,0,0,0,0,0,0,0,0,0,0,0,0,0,0,0,0,0
"Dominica","2013",0,0,0,0,0,0,0,0,0,0,0,0,0,0,0,0,0,0,0,0,0,0,0,0,0,0,0
"Dominica","2014",1,1,0,0,0,0,1,1,0,1,1,0,0,0,0,1,1,0,0,0,0,0,0,0,0,0,0
"Dominica","2015",0,0,0,0,0,0,0,0,0,1,1,0,0,0,0,1,1,0,1,1,0,0,0,0,1,1,0
"Dominica","2016",0,0,0,0,0,0,0,0,0,1,1,0,0,0,0,1,1,0,1,1,0,0,0,0,1,1,0
"Dominica","2017",0,0,0,0,0,0,0,0,0,0,0,0,0,0,0,0,0,0,0,0,0,0,0,0,0,0,0
"Dominica","2018",0,0,0,0,0,0,0,0,0,0,0,0,0,0,0,0,0,0,0,0,0,0,0,0,0,0,0
"Dominica","2019",2,1,1,0,0,0,2,1,1,2,1,1,0,0,0,2,1,1,0,0,0,0,0,0,0,0,0
"Dominican Republic","2004",5,1,4,2,1,1,3,0,3,5,1,4,2,1,1,3,0,3,0,0,0,0,0,0,0,0,0
"Dominican Republic","2005",2,0,2,0,0,0,2,0,2,2,0,2,0,0,0,2,0,2,0,0,0,0,0,0,0,0,0
"Dominican Republic","2006",0,1,-1,0,0,0,0,1,-1,1,1,0,0,0,0,1,1,0,1,0,1,0,0,0,1,0,1
"Dominican Republic","2007",1,0,1,0,0,0,1,0,1,2,1,1,0,0,0,2,1,1,1,1,0,0,0,0,1,1,0
"Dominican Republic","2008",4,2,2,0,0,0,4,2,2,4,2,2,0,0,0,4,2,2,0,0,0,0,0,0,0,0,0
"Dominican Republic","2009",0,0,0,0,0,0,0,0,0,1,1,0,1,1,0,0,0,0,1,1,0,1,1,0,0,0,0
"Dominican Republic","2010",3,1,2,0,0,0,3,1,2,4,1,3,0,0,0,4,1,3,1,0,1,0,0,0,1,0,1
"Dominican Republic","2011",3,2,1,0,0,0,3,2,1,3,2,1,0,0,0,3,2,1,0,0,0,0,0,0,0,0,0
"Dominican Republic","2012",1,0,1,0,0,0,1,0,1,2,1,1,0,0,0,2,1,1,1,1,0,0,0,0,1,1,0
"Dominican Republic","2013",2,-1,3,-1,-1,0,3,0,3,4,1,3,0,0,0,4,1,3,2,2,0,1,1,0,1,1,0
"Dominican Republic","2014",1,0,1,0,0,0,1,0,1,1,0,1,0,0,0,1,0,1,0,0,0,0,0,0,0,0,0
"Dominican Republic","2015",9,3,6,0,0,0,9,3,6,10,3,7,0,0,0,10,3,7,1,0,1,0,0,0,1,0,1
"Dominican Republic","2016",4,2,2,1,1,0,3,1,2,5,2,3,1,1,0,4,1,3,1,0,1,0,0,0,1,0,1
"Dominican Republic","2017",9,4,5,0,0,0,9,4,5,9,4,5,0,0,0,9,4,5,0,0,0,0,0,0,0,0,0
"Dominican Republic","2018",0,-2,2,0,0,0,0,-2,2,2,0,2,0,0,0,2,0,2,2,2,0,0,0,0,2,2,0
"Dominican Republic","2019",-1,-1,0,0,0,0,-1,-1,0,0,0,0,0,0,0,0,0,0,1,1,0,0,0,0,1,1,0
"Algeria","2004",0,0,0,1,1,0,-1,-1,0,2,1,1,1,1,0,1,0,1,2,1,1,0,0,0,2,1,1
"Algeria","2005",2,0,2,0,0,0,2,0,2,2,0,2,0,0,0,2,0,2,0,0,0,0,0,0,0,0,0
"Algeria","2006",3,0,3,0,0,0,3,0,3,3,0,3,0,0,0,3,0,3,0,0,0,0,0,0,0,0,0
"Algeria","2007",0,0,0,0,0,0,0,0,0,0,0,0,0,0,0,0,0,0,0,0,0,0,0,0,0,0,0
"Algeria","2008",-1,0,-1,0,0,0,-1,0,-1,0,0,0,0,0,0,0,0,0,1,0,1,0,0,0,1,0,1
"Algeria","2009",0,0,0,0,0,0,0,0,0,2,0,2,0,0,0,2,0,2,2,0,2,0,0,0,2,0,2
"Algeria","2010",3,2,1,0,0,0,3,2,1,3,2,1,0,0,0,3,2,1,0,0,0,0,0,0,0,0,0
"Algeria","2011",3,4,-1,0,0,0,3,4,-1,4,4,0,0,0,0,4,4,0,1,0,1,0,0,0,1,0,1
"Algeria","2012",4,4,0,0,0,0,4,4,0,4,4,0,0,0,0,4,4,0,0,0,0,0,0,0,0,0,0
"Algeria","2013",2,2,0,0,0,0,2,2,0,3,3,0,0,0,0,3,3,0,1,1,0,0,0,0,1,1,0
"Algeria","2014",8,5,3,0,0,0,8,5,3,9,6,3,0,0,0,9,6,3,1,1,0,0,0,0,1,1,0
"Algeria","2015",9,4,5,0,0,0,9,4,5,10,5,5,0,0,0,10,5,5,1,1,0,0,0,0,1,1,0
"Algeria","2016",6,3,3,0,0,0,6,3,3,9,5,4,0,0,0,9,5,4,3,2,1,0,0,0,3,2,1
"Algeria","2017",3,2,1,0,0,0,3,2,1,4,3,1,0,0,0,4,3,1,1,1,0,0,0,0,1,1,0
"Algeria","2018",4,4,0,0,0,0,4,4,0,4,4,0,0,0,0,4,4,0,0,0,0,0,0,0,0,0,0
"Algeria","2019",2,1,1,0,0,0,2,1,1,2,1,1,0,0,0,2,1,1,0,0,0,0,0,0,0,0,0
"Ecuador","2004",-1,-1,0,1,1,0,-2,-2,0,2,1,1,1,1,0,1,0,1,3,2,1,0,0,0,3,2,1
"Ecuador","2005",7,3,4,0,0,0,7,3,4,8,3,5,0,0,0,8,3,5,1,0,1,0,0,0,1,0,1
"Ecuador","2006",1,0,1,0,0,0,1,0,1,2,0,2,0,0,0,2,0,2,1,0,1,0,0,0,1,0,1
"Ecuador","2007",29,10,19,0,0,0,29,10,19,29,10,19,0,0,0,29,10,19,0,0,0,0,0,0,0,0,0
"Ecuador","2008",-2,0,-2,0,0,0,-2,0,-2,0,0,0,0,0,0,0,0,0,2,0,2,0,0,0,2,0,2
"Ecuador","2009",3,0,3,0,0,0,3,0,3,3,0,3,0,0,0,3,0,3,0,0,0,0,0,0,0,0,0
"Ecuador","2010",-1,1,-2,0,0,0,-1,1,-2,3,1,2,0,0,0,3,1,2,4,0,4,0,0,0,4,0,4
"Ecuador","2011",6,1,5,-1,-1,0,7,2,5,7,2,5,0,0,0,7,2,5,1,1,0,1,1,0,0,0,0
"Ecuador","2012",0,1,-1,0,0,0,0,1,-1,1,1,0,0,0,0,1,1,0,1,0,1,0,0,0,1,0,1
"Ecuador","2013",3,1,2,1,1,0,2,0,2,4,2,2,1,1,0,3,1,2,1,1,0,0,0,0,1,1,0
"Ecuador","2014",-1,-1,0,0,0,0,-1,-1,0,3,2,1,1,0,1,2,2,0,4,3,1,1,0,1,3,3,0
"Ecuador","2015",2,1,1,-1,0,-1,3,1,2,4,2,2,0,0,0,4,2,2,2,1,1,1,0,1,1,1,0
"Ecuador","2016",0,-1,1,2,0,2,-2,-1,-1,3,1,2,2,0,2,1,1,0,3,2,1,0,0,0,3,2,1
"Ecuador","2017",1,0,1,0,0,0,1,0,1,2,1,1,0,0,0,2,1,1,1,1,0,0,0,0,1,1,0
"Ecuador","2018",2,3,-1,0,0,0,2,3,-1,5,4,1,0,0,0,5,4,1,3,1,2,0,0,0,3,1,2
"Ecuador","2019",0,-1,1,0,0,0,0,-1,1,2,0,2,0,0,0,2,0,2,2,1,1,0,0,0,2,1,1
"Estonia","2004",2,3,-1,0,0,0,2,3,-1,17,9,8,0,0,0,17,9,8,15,6,9,0,0,0,15,6,9
"Estonia","2005",8,6,2,0,0,0,8,6,2,11,6,5,0,0,0,11,6,5,3,0,3,0,0,0,3,0,3
"Estonia","2006",19,10,9,-2,0,-2,21,10,11,21,10,11,0,0,0,21,10,11,2,0,2,2,0,2,0,0,0
"Estonia","2007",17,8,9,-3,-1,-2,20,9,11,32,15,17,1,1,0,31,14,17,15,7,8,4,2,2,11,5,6
"Estonia","2008",17,14,3,0,0,0,17,14,3,29,19,10,0,0,0,29,19,10,12,5,7,0,0,0,12,5,7
"Estonia","2009",-2,-4,2,3,1,2,-5,-5,0,21,8,13,4,2,2,17,6,11,23,12,11,1,1,0,22,11,11
"Estonia","2010",11,9,2,-4,-1,-3,15,10,5,29,15,14,0,0,0,29,15,14,18,6,12,4,1,3,14,5,9
"Estonia","2011",-4,-8,4,0,0,0,-4,-8,4,17,4,13,0,0,0,17,4,13,21,12,9,0,0,0,21,12,9
"Estonia","2012",-20,-15,-5,-1,-1,0,-19,-14,-5,8,3,5,0,0,0,8,3,5,28,18,10,1,1,0,27,17,10
"Estonia","2013",5,-1,6,-2,-1,-1,7,0,7,23,6,17,0,0,0,23,6,17,18,7,11,2,1,1,16,6,10
"Estonia","2014",-5,-2,-3,-4,-2,-2,-1,0,-1,13,5,8,1,1,0,12,4,8,18,7,11,5,3,2,13,4,9
"Estonia","2015",11,6,5,-1,-1,0,12,7,5,16,7,9,0,0,0,16,7,9,5,1,4,1,1,0,4,0,4
"Estonia","2016",1,1,0,1,0,1,0,1,-1,20,5,15,1,0,1,19,5,14,19,4,15,0,0,0,19,4,15
"Estonia","2017",21,13,8,2,3,-1,19,10,9,34,19,15,4,3,1,30,16,14,13,6,7,2,0,2,11,6,5
"Estonia","2018",10,3,7,0,0,0,10,3,7,21,7,14,0,0,0,21,7,14,11,4,7,0,0,0,11,4,7
"Estonia","2019",1,-1,2,0,0,0,1,-1,2,24,12,12,4,3,1,20,9,11,23,13,10,4,3,1,19,10,9
"Egypt","2004",5,5,0,4,4,0,1,1,0,5,5,0,4,4,0,1,1,0,0,0,0,0,0,0,0,0,0
"Egypt","2005",-2,-2,0,-1,-1,0,-1,-1,0,1,1,0,0,0,0,1,1,0,3,3,0,1,1,0,2,2,0
"Egypt","2006",2,2,0,0,0,0,2,2,0,3,3,0,0,0,0,3,3,0,1,1,0,0,0,0,1,1,0
"Egypt","2007",-1,-1,0,-1,-1,0,0,0,0,1,1,0,0,0,0,1,1,0,2,2,0,1,1,0,1,1,0
"Egypt","2008",4,4,0,2,2,0,2,2,0,6,6,0,3,3,0,3,3,0,2,2,0,1,1,0,1,1,0
"Egypt","2009",3,3,0,0,0,0,3,3,0,3,3,0,0,0,0,3,3,0,0,0,0,0,0,0,0,0,0
"Egypt","2010",1,-1,2,0,0,0,1,-1,2,3,1,2,0,0,0,3,1,2,2,2,0,0,0,0,2,2,0
"Egypt","2011",6,4,2,2,1,1,4,3,1,8,5,3,4,2,2,4,3,1,2,1,1,2,1,1,0,0,0
"Egypt","2012",0,-1,1,-4,-3,-1,4,2,2,5,2,3,0,0,0,5,2,3,5,3,2,4,3,1,1,0,1
"Egypt","2013",0,0,0,0,0,0,0,0,0,0,0,0,0,0,0,0,0,0,0,0,0,0,0,0,0,0,0
"Egypt","2014",1,1,0,1,1,0,0,0,0,2,2,0,1,1,0,1,1,0,1,1,0,0,0,0,1,1,0
"Egypt","2015",1,1,0,0,0,0,1,1,0,5,3,2,3,1,2,2,2,0,4,2,2,3,1,2,1,1,0
"Egypt","2016",5,4,1,2,2,0,3,2,1,6,5,1,2,2,0,4,3,1,1,1,0,0,0,0,1,1,0
"Egypt","2017",-1,0,-1,0,0,0,-1,0,-1,0,0,0,0,0,0,0,0,0,1,0,1,0,0,0,1,0,1
"Egypt","2018",4,3,1,0,0,0,4,3,1,5,3,2,0,0,0,5,3,2,1,0,1,0,0,0,1,0,1
"Egypt","2019",10,6,4,0,0,0,10,6,4,10,6,4,0,0,0,10,6,4,0,0,0,0,0,0,0,0,0
"Western Sahara","2004",0,0,0,0,0,0,0,0,0,0,0,0,0,0,0,0,0,0,0,0,0,0,0,0,0,0,0
"Western Sahara","2005",0,0,0,0,0,0,0,0,0,0,0,0,0,0,0,0,0,0,0,0,0,0,0,0,0,0,0
"Western Sahara","2006",0,0,0,0,0,0,0,0,0,0,0,0,0,0,0,0,0,0,0,0,0,0,0,0,0,0,0
"Western Sahara","2007",0,0,0,0,0,0,0,0,0,0,0,0,0,0,0,0,0,0,0,0,0,0,0,0,0,0,0
"Western Sahara","2008",0,0,0,0,0,0,0,0,0,0,0,0,0,0,0,0,0,0,0,0,0,0,0,0,0,0,0
"Western Sahara","2009",0,0,0,0,0,0,0,0,0,0,0,0,0,0,0,0,0,0,0,0,0,0,0,0,0,0,0
"Western Sahara","2010",0,0,0,0,0,0,0,0,0,0,0,0,0,0,0,0,0,0,0,0,0,0,0,0,0,0,0
"Western Sahara","2011",0,0,0,0,0,0,0,0,0,0,0,0,0,0,0,0,0,0,0,0,0,0,0,0,0,0,0
"Western Sahara","2012",0,0,0,0,0,0,0,0,0,0,0,0,0,0,0,0,0,0,0,0,0,0,0,0,0,0,0
"Western Sahara","2013",0,0,0,0,0,0,0,0,0,0,0,0,0,0,0,0,0,0,0,0,0,0,0,0,0,0,0
"Western Sahara","2014",0,0,0,0,0,0,0,0,0,0,0,0,0,0,0,0,0,0,0,0,0,0,0,0,0,0,0
"Western Sahara","2015",0,0,0,0,0,0,0,0,0,0,0,0,0,0,0,0,0,0,0,0,0,0,0,0,0,0,0
"Western Sahara","2016",0,0,0,0,0,0,0,0,0,0,0,0,0,0,0,0,0,0,0,0,0,0,0,0,0,0,0
"Western Sahara","2017",1,1,0,0,0,0,1,1,0,1,1,0,0,0,0,1,1,0,0,0,0,0,0,0,0,0,0
"Western Sahara","2018",0,0,0,0,0,0,0,0,0,0,0,0,0,0,0,0,0,0,0,0,0,0,0,0,0,0,0
"Western Sahara","2019",0,0,0,0,0,0,0,0,0,0,0,0,0,0,0,0,0,0,0,0,0,0,0,0,0,0,0
"Eritrea","2004",2,2,0,0,0,0,2,2,0,2,2,0,0,0,0,2,2,0,0,0,0,0,0,0,0,0,0
"Eritrea","2005",-2,-2,0,0,0,0,-2,-2,0,1,1,0,0,0,0,1,1,0,3,3,0,0,0,0,3,3,0
"Eritrea","2006",0,0,0,0,0,0,0,0,0,0,0,0,0,0,0,0,0,0,0,0,0,0,0,0,0,0,0
"Eritrea","2007",1,1,0,0,0,0,1,1,0,2,2,0,0,0,0,2,2,0,1,1,0,0,0,0,1,1,0
"Eritrea","2008",1,1,0,0,0,0,1,1,0,2,2,0,0,0,0,2,2,0,1,1,0,0,0,0,1,1,0
"Eritrea","2009",1,1,0,0,0,0,1,1,0,1,1,0,0,0,0,1,1,0,0,0,0,0,0,0,0,0,0
"Eritrea","2010",4,1,3,0,0,0,4,1,3,5,2,3,0,0,0,5,2,3,1,1,0,0,0,0,1,1,0
"Eritrea","2011",0,0,0,0,0,0,0,0,0,0,0,0,0,0,0,0,0,0,0,0,0,0,0,0,0,0,0
"Eritrea","2012",3,2,1,0,0,0,3,2,1,3,2,1,0,0,0,3,2,1,0,0,0,0,0,0,0,0,0
"Eritrea","2013",2,2,0,0,0,0,2,2,0,2,2,0,0,0,0,2,2,0,0,0,0,0,0,0,0,0,0
"Eritrea","2014",0,0,0,0,0,0,0,0,0,0,0,0,0,0,0,0,0,0,0,0,0,0,0,0,0,0,0
"Eritrea","2015",0,0,0,0,0,0,0,0,0,0,0,0,0,0,0,0,0,0,0,0,0,0,0,0,0,0,0
"Eritrea","2016",0,0,0,0,0,0,0,0,0,0,0,0,0,0,0,0,0,0,0,0,0,0,0,0,0,0,0
"Eritrea","2017",2,1,1,0,0,0,2,1,1,2,1,1,0,0,0,2,1,1,0,0,0,0,0,0,0,0,0
"Eritrea","2018",0,0,0,0,0,0,0,0,0,0,0,0,0,0,0,0,0,0,0,0,0,0,0,0,0,0,0
"Eritrea","2019",1,1,0,0,0,0,1,1,0,1,1,0,0,0,0,1,1,0,0,0,0,0,0,0,0,0,0
"Spain","2004",-30,-23,-7,-19,-14,-5,-11,-9,-2,79,37,42,58,25,33,21,12,9,109,60,49,77,39,38,32,21,11
"Spain","2005",5,12,-7,-11,3,-14,16,9,7,69,43,26,41,26,15,28,17,11,64,31,33,52,23,29,12,8,4
"Spain","2006",14,8,6,3,0,3,11,8,3,85,46,39,62,31,31,23,15,8,71,38,33,59,31,28,12,7,5
"Spain","2007",21,17,4,-7,-3,-4,28,20,8,90,54,36,49,28,21,41,26,15,69,37,32,56,31,25,13,6,7
"Spain","2008",16,14,2,-17,-7,-10,33,21,12,127,67,60,72,34,38,55,33,22,111,53,58,89,41,48,22,12,10
"Spain","2009",8,2,6,-7,2,-9,15,0,15,124,67,57,61,36,25,63,31,32,116,65,51,68,34,34,48,31,17
"Spain","2010",26,16,10,-25,-20,-5,51,36,15,127,75,52,42,22,20,85,53,32,101,59,42,67,42,25,34,17,17
"Spain","2011",-47,-35,-12,-27,-15,-12,-20,-20,0,83,48,35,27,16,11,56,32,24,130,83,47,54,31,23,76,52,24
"Spain","2012",41,18,23,17,-1,18,24,19,5,120,59,61,54,20,34,66,39,27,79,41,38,37,21,16,42,20,22
"Spain","2013",110,74,36,14,13,1,96,61,35,202,122,80,47,27,20,155,95,60,92,48,44,33,14,19,59,34,25
"Spain","2014",98,57,41,-35,-24,-11,133,81,52,233,134,99,32,16,16,201,118,83,135,77,58,67,40,27,68,37,31
"Spain","2015",60,32,28,-49,-23,-26,109,55,54,205,115,90,29,20,9,176,95,81,145,83,62,78,43,35,67,40,27
"Spain","2016",43,33,10,-33,-18,-15,76,51,25,293,172,121,69,32,37,224,140,84,250,139,111,102,50,52,148,89,59
"Spain","2017",134,83,51,-49,-25,-24,183,108,75,344,201,143,56,34,22,288,167,121,210,118,92,105,59,46,105,59,46
"Spain","2018",36,17,19,-77,-39,-38,113,56,57,312,179,133,54,35,19,258,144,114,276,162,114,131,74,57,145,88,57
"Spain","2019",73,69,4,-122,-64,-58,195,133,62,344,208,136,53,29,24,291,179,112,271,139,132,175,93,82,96,46,50
"Ethiopia","2004",6,4,2,0,0,0,6,4,2,7,4,3,0,0,0,7,4,3,1,0,1,0,0,0,1,0,1
"Ethiopia","2005",1,0,1,0,0,0,1,0,1,4,3,1,0,0,0,4,3,1,3,3,0,0,0,0,3,3,0
"Ethiopia","2006",6,3,3,0,0,0,6,3,3,6,3,3,0,0,0,6,3,3,0,0,0,0,0,0,0,0,0
"Ethiopia","2007",11,6,5,1,1,0,10,5,5,12,7,5,1,1,0,11,6,5,1,1,0,0,0,0,1,1,0
"Ethiopia","2008",5,-1,6,0,0,0,5,-1,6,10,3,7,0,0,0,10,3,7,5,4,1,0,0,0,5,4,1
"Ethiopia","2009",-5,-2,-3,0,0,0,-5,-2,-3,4,0,4,0,0,0,4,0,4,9,2,7,0,0,0,9,2,7
"Ethiopia","2010",1,0,1,0,0,0,1,0,1,8,4,4,0,0,0,8,4,4,7,4,3,0,0,0,7,4,3
"Ethiopia","2011",1,1,0,0,0,0,1,1,0,5,3,2,0,0,0,5,3,2,4,2,2,0,0,0,4,2,2
"Ethiopia","2012",7,4,3,0,0,0,7,4,3,8,5,3,0,0,0,8,5,3,1,1,0,0,0,0,1,1,0
"Ethiopia","2013",4,1,3,0,0,0,4,1,3,7,2,5,0,0,0,7,2,5,3,1,2,0,0,0,3,1,2
"Ethiopia","2014",-1,-3,2,0,0,0,-1,-3,2,10,5,5,0,0,0,10,5,5,11,8,3,0,0,0,11,8,3
"Ethiopia","2015",1,1,0,0,0,0,1,1,0,5,4,1,0,0,0,5,4,1,4,3,1,0,0,0,4,3,1
"Ethiopia","2016",4,3,1,-1,-1,0,5,4,1,8,5,3,0,0,0,8,5,3,4,2,2,1,1,0,3,1,2
"Ethiopia","2017",3,3,0,0,0,0,3,3,0,10,8,2,0,0,0,10,8,2,7,5,2,0,0,0,7,5,2
"Ethiopia","2018",4,2,2,-1,-1,0,5,3,2,8,5,3,0,0,0,8,5,3,4,3,1,1,1,0,3,2,1
"Ethiopia","2019",3,0,3,0,0,0,3,0,3,8,3,5,0,0,0,8,3,5,5,3,2,0,0,0,5,3,2
"Finland","2004",23,11,12,16,11,5,7,0,7,63,25,38,30,14,16,33,11,22,40,14,26,14,3,11,26,11,15
"Finland","2005",26,2,24,9,0,9,17,2,15,61,16,45,24,9,15,37,7,30,35,14,21,15,9,6,20,5,15
"Finland","2006",-6,6,-12,-15,-6,-9,9,12,-3,64,30,34,13,10,3,51,20,31,70,24,46,28,16,12,42,8,34
"Finland","2007",7,3,4,3,1,2,4,2,2,52,24,28,17,8,9,35,16,19,45,21,24,14,7,7,31,14,17
"Finland","2008",5,-7,12,-6,-4,-2,11,-3,14,47,16,31,11,7,4,36,9,27,42,23,19,17,11,6,25,12,13
"Finland","2009",-21,-13,-8,-15,-8,-7,-6,-5,-1,48,16,32,12,6,6,36,10,26,69,29,40,27,14,13,42,15,27
"Finland","2010",-3,2,-5,2,3,-1,-5,-1,-4,43,15,28,11,7,4,32,8,24,46,13,33,9,4,5,37,9,28
"Finland","2011",-9,-6,-3,-10,-5,-5,1,-1,2,37,14,23,8,5,3,29,9,20,46,20,26,18,10,8,28,10,18
"Finland","2012",-6,-3,-3,-2,-1,-1,-4,-2,-2,37,13,24,14,8,6,23,5,18,43,16,27,16,9,7,27,7,20
"Finland","2013",17,4,13,2,-4,6,15,8,7,43,16,27,12,5,7,31,11,20,26,12,14,10,9,1,16,3,13
"Finland","2014",8,3,5,-7,-5,-2,15,8,7,50,20,30,10,6,4,40,14,26,42,17,25,17,11,6,25,6,19
"Finland","2015",18,12,6,0,-2,2,18,14,4,56,29,27,17,9,8,39,20,19,38,17,21,17,11,6,21,6,15
"Finland","2016",31,12,19,7,2,5,24,10,14,72,29,43,22,11,11,50,18,32,41,17,24,15,9,6,26,8,18
"Finland","2017",-2,2,-4,-8,-3,-5,6,5,1,70,31,39,15,8,7,55,23,32,72,29,43,23,11,12,49,18,31
"Finland","2018",14,1,13,-3,-5,2,17,6,11,63,24,39,17,8,9,46,16,30,49,23,26,20,13,7,29,10,19
"Finland","2019",-14,-11,-3,-11,-7,-4,-3,-4,1,48,19,29,9,6,3,39,13,26,62,30,32,20,13,7,42,17,25
"Fiji","2004",0,0,0,0,0,0,0,0,0,0,0,0,0,0,0,0,0,0,0,0,0,0,0,0,0,0,0
"Fiji","2005",0,0,0,0,0,0,0,0,0,0,0,0,0,0,0,0,0,0,0,0,0,0,0,0,0,0,0
"Fiji","2006",0,0,0,0,0,0,0,0,0,0,0,0,0,0,0,0,0,0,0,0,0,0,0,0,0,0,0
"Fiji","2007",1,0,1,0,0,0,1,0,1,1,0,1,0,0,0,1,0,1,0,0,0,0,0,0,0,0,0
"Fiji","2008",0,0,0,0,0,0,0,0,0,0,0,0,0,0,0,0,0,0,0,0,0,0,0,0,0,0,0
"Fiji","2009",1,0,1,0,0,0,1,0,1,2,0,2,0,0,0,2,0,2,1,0,1,0,0,0,1,0,1
"Fiji","2010",-1,0,-1,0,0,0,-1,0,-1,0,0,0,0,0,0,0,0,0,1,0,1,0,0,0,1,0,1
"Fiji","2011",0,0,0,0,0,0,0,0,0,0,0,0,0,0,0,0,0,0,0,0,0,0,0,0,0,0,0
"Fiji","2012",0,0,0,0,0,0,0,0,0,0,0,0,0,0,0,0,0,0,0,0,0,0,0,0,0,0,0
"Fiji","2013",0,0,0,0,0,0,0,0,0,0,0,0,0,0,0,0,0,0,0,0,0,0,0,0,0,0,0
"Fiji","2014",0,0,0,0,0,0,0,0,0,0,0,0,0,0,0,0,0,0,0,0,0,0,0,0,0,0,0
"Fiji","2015",0,0,0,0,0,0,0,0,0,0,0,0,0,0,0,0,0,0,0,0,0,0,0,0,0,0,0
"Fiji","2016",0,0,0,0,0,0,0,0,0,0,0,0,0,0,0,0,0,0,0,0,0,0,0,0,0,0,0
"Fiji","2017",0,0,0,0,0,0,0,0,0,0,0,0,0,0,0,0,0,0,0,0,0,0,0,0,0,0,0
"Fiji","2018",0,0,0,0,0,0,0,0,0,0,0,0,0,0,0,0,0,0,0,0,0,0,0,0,0,0,0
"Fiji","2019",1,0,1,0,0,0,1,0,1,1,0,1,0,0,0,1,0,1,0,0,0,0,0,0,0,0,0
"Falkland Islands","2004",0,0,0,0,0,0,0,0,0,0,0,0,0,0,0,0,0,0,0,0,0,0,0,0,0,0,0
"Falkland Islands","2005",0,0,0,0,0,0,0,0,0,0,0,0,0,0,0,0,0,0,0,0,0,0,0,0,0,0,0
"Falkland Islands","2006",0,0,0,0,0,0,0,0,0,0,0,0,0,0,0,0,0,0,0,0,0,0,0,0,0,0,0
"Falkland Islands","2007",0,0,0,0,0,0,0,0,0,0,0,0,0,0,0,0,0,0,0,0,0,0,0,0,0,0,0
"Falkland Islands","2008",0,0,0,0,0,0,0,0,0,0,0,0,0,0,0,0,0,0,0,0,0,0,0,0,0,0,0
"Falkland Islands","2009",0,0,0,0,0,0,0,0,0,0,0,0,0,0,0,0,0,0,0,0,0,0,0,0,0,0,0
"Falkland Islands","2010",0,0,0,0,0,0,0,0,0,0,0,0,0,0,0,0,0,0,0,0,0,0,0,0,0,0,0
"Falkland Islands","2011",0,0,0,0,0,0,0,0,0,0,0,0,0,0,0,0,0,0,0,0,0,0,0,0,0,0,0
"Falkland Islands","2012",0,0,0,0,0,0,0,0,0,0,0,0,0,0,0,0,0,0,0,0,0,0,0,0,0,0,0
"Falkland Islands","2013",0,0,0,0,0,0,0,0,0,0,0,0,0,0,0,0,0,0,0,0,0,0,0,0,0,0,0
"Falkland Islands","2014",0,0,0,0,0,0,0,0,0,0,0,0,0,0,0,0,0,0,0,0,0,0,0,0,0,0,0
"Falkland Islands","2015",0,0,0,0,0,0,0,0,0,0,0,0,0,0,0,0,0,0,0,0,0,0,0,0,0,0,0
"Falkland Islands","2016",0,0,0,0,0,0,0,0,0,0,0,0,0,0,0,0,0,0,0,0,0,0,0,0,0,0,0
"Falkland Islands","2017",0,0,0,0,0,0,0,0,0,0,0,0,0,0,0,0,0,0,0,0,0,0,0,0,0,0,0
"Falkland Islands","2018",0,0,0,0,0,0,0,0,0,0,0,0,0,0,0,0,0,0,0,0,0,0,0,0,0,0,0
"Falkland Islands","2019",0,0,0,0,0,0,0,0,0,0,0,0,0,0,0,0,0,0,0,0,0,0,0,0,0,0,0
"Faroe Islands","2004",20,15,5,6,6,0,14,9,5,59,32,27,24,14,10,35,18,17,39,17,22,18,8,10,21,9,12
"Faroe Islands","2005",14,16,-2,12,11,1,2,5,-3,56,39,17,27,20,7,29,19,10,42,23,19,15,9,6,27,14,13
"Faroe Islands","2006",-36,-28,-8,-30,-22,-8,-6,-6,0,65,35,30,19,14,5,46,21,25,101,63,38,49,36,13,52,27,25
"Faroe Islands","2007",22,15,7,18,12,6,4,3,1,84,50,34,48,32,16,36,18,18,62,35,27,30,20,10,32,15,17
"Faroe Islands","2008",-12,-16,4,-11,-15,4,-1,-1,0,55,31,24,25,16,9,30,15,15,67,47,20,36,31,5,31,16,15
"Faroe Islands","2009",-22,-17,-5,-28,-18,-10,6,1,5,47,25,22,30,20,10,17,5,12,69,42,27,58,38,20,11,4,7
"Faroe Islands","2010",20,22,-2,24,15,9,-4,7,-11,75,52,23,53,38,15,22,14,8,55,30,25,29,23,6,26,7,19
"Faroe Islands","2011",19,5,14,8,7,1,11,-2,13,52,26,26,24,19,5,28,7,21,33,21,12,16,12,4,17,9,8
"Faroe Islands","2012",-16,-5,-11,-4,2,-6,-12,-7,-5,30,21,9,16,14,2,14,7,7,46,26,20,20,12,8,26,14,12
"Faroe Islands","2013",27,14,13,9,5,4,18,9,9,56,31,25,22,13,9,34,18,16,29,17,12,13,8,5,16,9,7
"Faroe Islands","2014",-8,-1,-7,-8,-4,-4,0,3,-3,23,16,7,7,5,2,16,11,5,31,17,14,15,9,6,16,8,8
"Faroe Islands","2015",-24,-19,-5,-9,-10,1,-15,-9,-6,32,19,13,12,7,5,20,12,8,56,38,18,21,17,4,35,21,14
"Faroe Islands","2016",4,5,-1,-2,-1,-1,6,6,0,33,23,10,16,12,4,17,11,6,29,18,11,18,13,5,11,5,6
"Faroe Islands","2017",9,2,7,-4,-2,-2,13,4,9,28,14,14,6,3,3,22,11,11,19,12,7,10,5,5,9,7,2
"Faroe Islands","2018",-5,2,-7,-9,-6,-3,4,8,-4,40,26,14,15,11,4,25,15,10,45,24,21,24,17,7,21,7,14
"Faroe Islands","2019",-5,0,-5,1,5,-4,-6,-5,-1,33,21,12,18,14,4,15,7,8,38,21,17,17,9,8,21,12,9
"France","2004",-23,-2,-21,-9,-1,-8,-14,-1,-13,49,26,23,23,11,12,26,15,11,72,28,44,32,12,20,40,16,24
"France","2005",18,10,8,-9,-6,-3,27,16,11,72,38,34,35,15,20,37,23,14,54,28,26,44,21,23,10,7,3
"France","2006",36,9,27,10,2,8,26,7,19,77,38,39,32,16,16,45,22,23,41,29,12,22,14,8,19,15,4
"France","2007",38,25,13,0,3,-3,38,22,16,89,48,41,30,14,16,59,34,25,51,23,28,30,11,19,21,12,9
"France","2008",71,33,38,4,7,-3,67,26,41,123,54,69,23,14,9,100,40,60,52,21,31,19,7,12,33,14,19
"France","2009",1,13,-12,-18,-7,-11,19,20,-1,78,42,36,9,4,5,69,38,31,77,29,48,27,11,16,50,18,32
"France","2010",64,25,39,20,9,11,44,16,28,135,66,69,33,15,18,102,51,51,71,41,30,13,6,7,58,35,23
"France","2011",-46,-15,-31,-13,-5,-8,-33,-10,-23,60,33,27,9,2,7,51,31,20,106,48,58,22,7,15,84,41,43
"France","2012",-15,-8,-7,2,1,1,-17,-9,-8,67,36,31,23,11,12,44,25,19,82,44,38,21,10,11,61,34,27
"France","2013",21,12,9,-7,-5,-2,28,17,11,122,62,60,19,7,12,103,55,48,101,50,51,26,12,14,75,38,37
"France","2014",51,28,23,-15,-4,-11,66,32,34,127,66,61,6,3,3,121,63,58,76,38,38,21,7,14,55,31,24
"France","2015",90,40,50,-3,-2,-1,93,42,51,151,70,81,17,7,10,134,63,71,61,30,31,20,9,11,41,21,20
"France","2016",0,14,-14,-5,-3,-2,5,17,-12,164,89,75,22,14,8,142,75,67,164,75,89,27,17,10,137,58,79
"France","2017",91,33,58,2,0,2,89,33,56,209,94,115,21,7,14,188,87,101,118,61,57,19,7,12,99,54,45
"France","2018",141,81,60,12,6,6,129,75,54,234,118,116,26,12,14,208,106,102,93,37,56,14,6,8,79,31,48
"France","2019",68,45,23,1,-2,3,67,47,20,196,101,95,20,10,10,176,91,85,128,56,72,19,12,7,109,44,65
"Gabon","2004",0,0,0,0,0,0,0,0,0,0,0,0,0,0,0,0,0,0,0,0,0,0,0,0,0,0,0
"Gabon","2005",0,0,0,0,0,0,0,0,0,0,0,0,0,0,0,0,0,0,0,0,0,0,0,0,0,0,0
"Gabon","2006",0,0,0,0,0,0,0,0,0,0,0,0,0,0,0,0,0,0,0,0,0,0,0,0,0,0,0
"Gabon","2007",0,0,0,0,0,0,0,0,0,0,0,0,0,0,0,0,0,0,0,0,0,0,0,0,0,0,0
"Gabon","2008",0,0,0,0,0,0,0,0,0,0,0,0,0,0,0,0,0,0,0,0,0,0,0,0,0,0,0
"Gabon","2009",1,0,1,0,0,0,1,0,1,1,0,1,0,0,0,1,0,1,0,0,0,0,0,0,0,0,0
"Gabon","2010",0,0,0,0,0,0,0,0,0,0,0,0,0,0,0,0,0,0,0,0,0,0,0,0,0,0,0
"Gabon","2011",0,0,0,0,0,0,0,0,0,0,0,0,0,0,0,0,0,0,0,0,0,0,0,0,0,0,0
"Gabon","2012",1,1,0,0,0,0,1,1,0,1,1,0,0,0,0,1,1,0,0,0,0,0,0,0,0,0,0
"Gabon","2013",0,0,0,0,0,0,0,0,0,0,0,0,0,0,0,0,0,0,0,0,0,0,0,0,0,0,0
"Gabon","2014",0,0,0,0,0,0,0,0,0,0,0,0,0,0,0,0,0,0,0,0,0,0,0,0,0,0,0
"Gabon","2015",2,2,0,2,2,0,0,0,0,2,2,0,2,2,0,0,0,0,0,0,0,0,0,0,0,0,0
"Gabon","2016",1,0,1,0,0,0,1,0,1,1,0,1,0,0,0,1,0,1,0,0,0,0,0,0,0,0,0
"Gabon","2017",-1,-1,0,0,0,0,-1,-1,0,0,0,0,0,0,0,0,0,0,1,1,0,0,0,0,1,1,0
"Gabon","2018",0,0,0,0,0,0,0,0,0,0,0,0,0,0,0,0,0,0,0,0,0,0,0,0,0,0,0
"Gabon","2019",0,0,0,0,0,0,0,0,0,0,0,0,0,0,0,0,0,0,0,0,0,0,0,0,0,0,0
"United Kingdom","2004",-110,-63,-47,-75,-40,-35,-35,-23,-12,175,77,98,124,49,75,51,28,23,285,140,145,199,89,110,86,51,35
"United Kingdom","2005",23,33,-10,-18,-3,-15,41,36,5,234,134,100,156,78,78,78,56,22,211,101,110,174,81,93,37,20,17
"United Kingdom","2006",34,36,-2,-1,-8,7,35,44,-9,242,143,99,160,76,84,82,67,15,208,107,101,161,84,77,47,23,24
"United Kingdom","2007",65,46,19,18,8,10,47,38,9,291,163,128,188,91,97,103,72,31,226,117,109,170,83,87,56,34,22
"United Kingdom","2008",21,43,-22,-47,-8,-39,68,51,17,278,170,108,155,80,75,123,90,33,257,127,130,202,88,114,55,39,16
"United Kingdom","2009",-78,-37,-41,-84,-41,-43,6,4,2,239,135,104,133,65,68,106,70,36,317,172,145,217,106,111,100,66,34
"United Kingdom","2010",-28,-9,-19,-47,-26,-21,19,17,2,200,115,85,90,41,49,110,74,36,228,124,104,137,67,70,91,57,34
"United Kingdom","2011",13,34,-21,-30,-3,-27,43,37,6,235,143,92,105,56,49,130,87,43,222,109,113,135,59,76,87,50,37
"United Kingdom","2012",-13,-31,18,-18,-22,4,5,-9,14,204,102,102,118,53,65,86,49,37,217,133,84,136,75,61,81,58,23
"United Kingdom","2013",9,17,-8,-7,-7,0,16,24,-8,265,151,114,147,73,74,118,78,40,256,134,122,154,80,74,102,54,48
"United Kingdom","2014",25,25,0,-33,-7,-26,58,32,26,249,144,105,111,60,51,138,84,54,224,119,105,144,67,77,80,52,28
"United Kingdom","2015",35,32,3,-54,-21,-33,89,53,36,294,171,123,121,69,52,173,102,71,259,139,120,175,90,85,84,49,35
"United Kingdom","2016",4,26,-22,-92,-36,-56,96,62,34,371,195,176,142,62,80,229,133,96,367,169,198,234,98,136,133,71,62
"United Kingdom","2017",155,104,51,-1,18,-19,156,86,70,434,246,188,152,82,70,282,164,118,279,142,137,153,64,89,126,78,48
"United Kingdom","2018",124,88,36,-8,-7,-1,132,95,37,421,256,165,142,68,74,279,188,91,297,168,129,150,75,75,147,93,54
"United Kingdom","2019",187,117,70,-43,-33,-10,230,150,80,444,253,191,99,40,59,345,213,132,257,136,121,142,73,69,115,63,52
"Grenada","2004",0,0,0,0,0,0,0,0,0,0,0,0,0,0,0,0,0,0,0,0,0,0,0,0,0,0,0
"Grenada","2005",0,0,0,0,0,0,0,0,0,0,0,0,0,0,0,0,0,0,0,0,0,0,0,0,0,0,0
"Grenada","2006",0,0,0,0,0,0,0,0,0,0,0,0,0,0,0,0,0,0,0,0,0,0,0,0,0,0,0
"Grenada","2007",0,0,0,0,0,0,0,0,0,0,0,0,0,0,0,0,0,0,0,0,0,0,0,0,0,0,0
"Grenada","2008",0,0,0,0,0,0,0,0,0,0,0,0,0,0,0,0,0,0,0,0,0,0,0,0,0,0,0
"Grenada","2009",0,0,0,0,0,0,0,0,0,0,0,0,0,0,0,0,0,0,0,0,0,0,0,0,0,0,0
"Grenada","2010",0,0,0,0,0,0,0,0,0,0,0,0,0,0,0,0,0,0,0,0,0,0,0,0,0,0,0
"Grenada","2011",0,0,0,0,0,0,0,0,0,0,0,0,0,0,0,0,0,0,0,0,0,0,0,0,0,0,0
"Grenada","2012",0,0,0,0,0,0,0,0,0,0,0,0,0,0,0,0,0,0,0,0,0,0,0,0,0,0,0
"Grenada","2013",0,0,0,0,0,0,0,0,0,0,0,0,0,0,0,0,0,0,0,0,0,0,0,0,0,0,0
"Grenada","2014",0,0,0,0,0,0,0,0,0,0,0,0,0,0,0,0,0,0,0,0,0,0,0,0,0,0,0
"Grenada","2015",0,0,0,0,0,0,0,0,0,0,0,0,0,0,0,0,0,0,0,0,0,0,0,0,0,0,0
"Grenada","2016",0,0,0,0,0,0,0,0,0,0,0,0,0,0,0,0,0,0,0,0,0,0,0,0,0,0,0
"Grenada","2017",0,0,0,0,0,0,0,0,0,0,0,0,0,0,0,0,0,0,0,0,0,0,0,0,0,0,0
"Grenada","2018",1,1,0,0,0,0,1,1,0,1,1,0,0,0,0,1,1,0,0,0,0,0,0,0,0,0,0
"Grenada","2019",-1,-1,0,0,0,0,-1,-1,0,0,0,0,0,0,0,0,0,0,1,1,0,0,0,0,1,1,0
"Georgia","2004",0,0,0,0,0,0,0,0,0,0,0,0,0,0,0,0,0,0,0,0,0,0,0,0,0,0,0
"Georgia","2005",3,0,3,0,0,0,3,0,3,4,1,3,0,0,0,4,1,3,1,1,0,0,0,0,1,1,0
"Georgia","2006",2,1,1,0,0,0,2,1,1,2,1,1,0,0,0,2,1,1,0,0,0,0,0,0,0,0,0
"Georgia","2007",2,1,1,0,0,0,2,1,1,2,1,1,0,0,0,2,1,1,0,0,0,0,0,0,0,0,0
"Georgia","2008",-4,-1,-3,0,0,0,-4,-1,-3,1,1,0,0,0,0,1,1,0,5,2,3,0,0,0,5,2,3
"Georgia","2009",-3,-1,-2,0,0,0,-3,-1,-2,0,0,0,0,0,0,0,0,0,3,1,2,0,0,0,3,1,2
"Georgia","2010",0,0,0,0,0,0,0,0,0,0,0,0,0,0,0,0,0,0,0,0,0,0,0,0,0,0,0
"Georgia","2011",-1,0,-1,0,0,0,-1,0,-1,0,0,0,0,0,0,0,0,0,1,0,1,0,0,0,1,0,1
"Georgia","2012",0,0,0,0,0,0,0,0,0,0,0,0,0,0,0,0,0,0,0,0,0,0,0,0,0,0,0
"Georgia","2013",2,0,2,0,0,0,2,0,2,2,0,2,0,0,0,2,0,2,0,0,0,0,0,0,0,0,0
"Georgia","2014",2,0,2,0,0,0,2,0,2,2,0,2,0,0,0,2,0,2,0,0,0,0,0,0,0,0,0
"Georgia","2015",2,2,0,0,0,0,2,2,0,2,2,0,0,0,0,2,2,0,0,0,0,0,0,0,0,0,0
"Georgia","2016",1,1,0,0,0,0,1,1,0,1,1,0,0,0,0,1,1,0,0,0,0,0,0,0,0,0,0
"Georgia","2017",11,7,4,2,1,1,9,6,3,11,7,4,2,1,1,9,6,3,0,0,0,0,0,0,0,0,0
"Georgia","2018",11,8,3,1,1,0,10,7,3,12,9,3,1,1,0,11,8,3,1,1,0,0,0,0,1,1,0
"Georgia","2019",8,5,3,0,0,0,8,5,3,8,5,3,0,0,0,8,5,3,0,0,0,0,0,0,0,0,0
"Guernsey","2004",0,0,0,0,0,0,0,0,0,0,0,0,0,0,0,0,0,0,0,0,0,0,0,0,0,0,0
"Guernsey","2005",0,0,0,0,0,0,0,0,0,0,0,0,0,0,0,0,0,0,0,0,0,0,0,0,0,0,0
"Guernsey","2006",0,0,0,0,0,0,0,0,0,0,0,0,0,0,0,0,0,0,0,0,0,0,0,0,0,0,0
"Guernsey","2007",0,0,0,0,0,0,0,0,0,0,0,0,0,0,0,0,0,0,0,0,0,0,0,0,0,0,0
"Guernsey","2008",0,0,0,0,0,0,0,0,0,0,0,0,0,0,0,0,0,0,0,0,0,0,0,0,0,0,0
"Guernsey","2009",0,0,0,0,0,0,0,0,0,0,0,0,0,0,0,0,0,0,0,0,0,0,0,0,0,0,0
"Guernsey","2010",0,0,0,0,0,0,0,0,0,0,0,0,0,0,0,0,0,0,0,0,0,0,0,0,0,0,0
"Guernsey","2011",0,0,0,0,0,0,0,0,0,0,0,0,0,0,0,0,0,0,0,0,0,0,0,0,0,0,0
"Guernsey","2012",0,0,0,0,0,0,0,0,0,0,0,0,0,0,0,0,0,0,0,0,0,0,0,0,0,0,0
"Guernsey","2013",0,0,0,0,0,0,0,0,0,0,0,0,0,0,0,0,0,0,0,0,0,0,0,0,0,0,0
"Guernsey","2014",0,0,0,0,0,0,0,0,0,0,0,0,0,0,0,0,0,0,0,0,0,0,0,0,0,0,0
"Guernsey","2015",0,0,0,0,0,0,0,0,0,0,0,0,0,0,0,0,0,0,0,0,0,0,0,0,0,0,0
"Guernsey","2016",0,0,0,0,0,0,0,0,0,0,0,0,0,0,0,0,0,0,0,0,0,0,0,0,0,0,0
"Guernsey","2017",0,0,0,0,0,0,0,0,0,0,0,0,0,0,0,0,0,0,0,0,0,0,0,0,0,0,0
"Guernsey","2018",1,1,0,0,0,0,1,1,0,1,1,0,0,0,0,1,1,0,0,0,0,0,0,0,0,0,0
"Guernsey","2019",0,0,0,0,0,0,0,0,0,0,0,0,0,0,0,0,0,0,0,0,0,0,0,0,0,0,0
"Ghana","2004",-1,-2,1,1,1,0,-2,-3,1,2,1,1,1,1,0,1,0,1,3,3,0,0,0,0,3,3,0
"Ghana","2005",4,1,3,0,0,0,4,1,3,4,1,3,0,0,0,4,1,3,0,0,0,0,0,0,0,0,0
"Ghana","2006",6,5,1,1,1,0,5,4,1,8,5,3,1,1,0,7,4,3,2,0,2,0,0,0,2,0,2
"Ghana","2007",4,0,4,0,0,0,4,0,4,5,1,4,0,0,0,5,1,4,1,1,0,0,0,0,1,1,0
"Ghana","2008",0,1,-1,0,0,0,0,1,-1,4,3,1,0,0,0,4,3,1,4,2,2,0,0,0,4,2,2
"Ghana","2009",3,1,2,0,0,0,3,1,2,5,3,2,0,0,0,5,3,2,2,2,0,0,0,0,2,2,0
"Ghana","2010",2,0,2,0,0,0,2,0,2,5,2,3,0,0,0,5,2,3,3,2,1,0,0,0,3,2,1
"Ghana","2011",3,2,1,0,0,0,3,2,1,4,3,1,0,0,0,4,3,1,1,1,0,0,0,0,1,1,0
"Ghana","2012",10,7,3,0,0,0,10,7,3,11,7,4,0,0,0,11,7,4,1,0,1,0,0,0,1,0,1
"Ghana","2013",3,2,1,0,0,0,3,2,1,7,5,2,0,0,0,7,5,2,4,3,1,0,0,0,4,3,1
"Ghana","2014",3,2,1,0,0,0,3,2,1,11,7,4,0,0,0,11,7,4,8,5,3,0,0,0,8,5,3
"Ghana","2015",7,6,1,0,0,0,7,6,1,10,6,4,0,0,0,10,6,4,3,0,3,0,0,0,3,0,3
"Ghana","2016",9,1,8,0,0,0,9,1,8,18,7,11,0,0,0,18,7,11,9,6,3,0,0,0,9,6,3
"Ghana","2017",23,16,7,0,0,0,23,16,7,32,20,12,0,0,0,32,20,12,9,4,5,0,0,0,9,4,5
"Ghana","2018",16,8,8,0,0,0,16,8,8,19,9,10,0,0,0,19,9,10,3,1,2,0,0,0,3,1,2
"Ghana","2019",21,5,16,0,0,0,21,5,16,30,11,19,0,0,0,30,11,19,9,6,3,0,0,0,9,6,3
"Gibraltar","2004",0,0,0,0,0,0,0,0,0,0,0,0,0,0,0,0,0,0,0,0,0,0,0,0,0,0,0
"Gibraltar","2005",0,0,0,0,0,0,0,0,0,0,0,0,0,0,0,0,0,0,0,0,0,0,0,0,0,0,0
"Gibraltar","2006",0,0,0,0,0,0,0,0,0,0,0,0,0,0,0,0,0,0,0,0,0,0,0,0,0,0,0
"Gibraltar","2007",0,0,0,0,0,0,0,0,0,0,0,0,0,0,0,0,0,0,0,0,0,0,0,0,0,0,0
"Gibraltar","2008",0,0,0,0,0,0,0,0,0,0,0,0,0,0,0,0,0,0,0,0,0,0,0,0,0,0,0
"Gibraltar","2009",0,0,0,0,0,0,0,0,0,0,0,0,0,0,0,0,0,0,0,0,0,0,0,0,0,0,0
"Gibraltar","2010",-1,-1,0,-1,-1,0,0,0,0,0,0,0,0,0,0,0,0,0,1,1,0,1,1,0,0,0,0
"Gibraltar","2011",0,0,0,0,0,0,0,0,0,0,0,0,0,0,0,0,0,0,0,0,0,0,0,0,0,0,0
"Gibraltar","2012",0,0,0,0,0,0,0,0,0,0,0,0,0,0,0,0,0,0,0,0,0,0,0,0,0,0,0
"Gibraltar","2013",0,0,0,0,0,0,0,0,0,0,0,0,0,0,0,0,0,0,0,0,0,0,0,0,0,0,0
"Gibraltar","2014",0,0,0,0,0,0,0,0,0,0,0,0,0,0,0,0,0,0,0,0,0,0,0,0,0,0,0
"Gibraltar","2015",0,0,0,0,0,0,0,0,0,0,0,0,0,0,0,0,0,0,0,0,0,0,0,0,0,0,0
"Gibraltar","2016",1,1,0,0,0,0,1,1,0,1,1,0,0,0,0,1,1,0,0,0,0,0,0,0,0,0,0
"Gibraltar","2017",0,0,0,0,0,0,0,0,0,0,0,0,0,0,0,0,0,0,0,0,0,0,0,0,0,0,0
"Gibraltar","2018",0,0,0,0,0,0,0,0,0,0,0,0,0,0,0,0,0,0,0,0,0,0,0,0,0,0,0
"Gibraltar","2019",0,0,0,0,0,0,0,0,0,0,0,0,0,0,0,0,0,0,0,0,0,0,0,0,0,0,0
"Greenland","2004",-3,-5,2,-2,-3,1,-1,-2,1,11,5,6,4,3,1,7,2,5,14,10,4,6,6,0,8,4,4
"Greenland","2005",4,-1,5,1,-1,2,3,0,3,13,7,6,5,3,2,8,4,4,9,8,1,4,4,0,5,4,1
"Greenland","2006",-1,-4,3,-1,-1,0,0,-3,3,9,3,6,3,2,1,6,1,5,10,7,3,4,3,1,6,4,2
"Greenland","2007",1,4,-3,1,1,0,0,3,-3,19,12,7,6,5,1,13,7,6,18,8,10,5,4,1,13,4,9
"Greenland","2008",18,11,7,2,2,0,16,9,7,21,14,7,3,3,0,18,11,7,3,3,0,1,1,0,2,2,0
"Greenland","2009",-11,-11,0,-6,-8,2,-5,-3,-2,15,8,7,6,4,2,9,4,5,26,19,7,12,12,0,14,7,7
"Greenland","2010",0,-1,1,-2,-2,0,2,1,1,24,17,7,15,12,3,9,5,4,24,18,6,17,14,3,7,4,3
"Greenland","2011",14,10,4,9,7,2,5,3,2,24,18,6,17,14,3,7,4,3,10,8,2,8,7,1,2,1,1
"Greenland","2012",13,8,5,8,7,1,5,1,4,26,18,8,19,16,3,7,2,5,13,10,3,11,9,2,2,1,1
"Greenland","2013",5,0,5,1,0,1,4,0,4,12,6,6,6,4,2,6,2,4,7,6,1,5,4,1,2,2,0
"Greenland","2014",-11,-5,-6,-2,-1,-1,-9,-4,-5,39,35,4,34,32,2,5,3,2,50,40,10,36,33,3,14,7,7
"Greenland","2015",-4,-5,1,-2,-4,2,-2,-1,-1,19,14,5,16,13,3,3,1,2,23,19,4,18,17,1,5,2,3
"Greenland","2016",4,5,-1,8,7,1,-4,-2,-2,19,13,6,16,12,4,3,1,2,15,8,7,8,5,3,7,3,4
"Greenland","2017",15,8,7,16,8,8,-1,0,-1,21,12,9,19,11,8,2,1,1,6,4,2,3,3,0,3,1,2
"Greenland","2018",-1,-3,2,3,1,2,-4,-4,0,13,9,4,8,6,2,5,3,2,14,12,2,5,5,0,9,7,2
"Greenland","2019",1,1,0,2,2,0,-1,-1,0,15,13,2,10,10,0,5,3,2,14,12,2,8,8,0,6,4,2
"Gambia","2004",1,1,0,0,0,0,1,1,0,1,1,0,0,0,0,1,1,0,0,0,0,0,0,0,0,0,0
"Gambia","2005",0,0,0,0,0,0,0,0,0,0,0,0,0,0,0,0,0,0,0,0,0,0,0,0,0,0,0
"Gambia","2006",2,0,2,0,0,0,2,0,2,2,0,2,0,0,0,2,0,2,0,0,0,0,0,0,0,0,0
"Gambia","2007",0,0,0,0,0,0,0,0,0,0,0,0,0,0,0,0,0,0,0,0,0,0,0,0,0,0,0
"Gambia","2008",1,0,1,0,0,0,1,0,1,1,0,1,0,0,0,1,0,1,0,0,0,0,0,0,0,0,0
"Gambia","2009",0,0,0,0,0,0,0,0,0,0,0,0,0,0,0,0,0,0,0,0,0,0,0,0,0,0,0
"Gambia","2010",1,1,0,0,0,0,1,1,0,1,1,0,0,0,0,1,1,0,0,0,0,0,0,0,0,0,0
"Gambia","2011",1,2,-1,0,0,0,1,2,-1,2,2,0,0,0,0,2,2,0,1,0,1,0,0,0,1,0,1
"Gambia","2012",3,1,2,0,0,0,3,1,2,3,1,2,0,0,0,3,1,2,0,0,0,0,0,0,0,0,0
"Gambia","2013",2,2,0,0,0,0,2,2,0,2,2,0,0,0,0,2,2,0,0,0,0,0,0,0,0,0,0
"Gambia","2014",1,0,1,0,0,0,1,0,1,3,2,1,0,0,0,3,2,1,2,2,0,0,0,0,2,2,0
"Gambia","2015",1,1,0,0,0,0,1,1,0,1,1,0,0,0,0,1,1,0,0,0,0,0,0,0,0,0,0
"Gambia","2016",3,2,1,0,0,0,3,2,1,3,2,1,0,0,0,3,2,1,0,0,0,0,0,0,0,0,0
"Gambia","2017",-1,0,-1,0,0,0,-1,0,-1,1,1,0,0,0,0,1,1,0,2,1,1,0,0,0,2,1,1
"Gambia","2018",5,3,2,0,0,0,5,3,2,5,3,2,0,0,0,5,3,2,0,0,0,0,0,0,0,0,0
"Gambia","2019",1,-1,2,0,0,0,1,-1,2,2,0,2,0,0,0,2,0,2,1,1,0,0,0,0,1,1,0
"Guinea","2004",2,0,2,0,0,0,2,0,2,2,0,2,0,0,0,2,0,2,0,0,0,0,0,0,0,0,0
"Guinea","2005",0,0,0,0,0,0,0,0,0,0,0,0,0,0,0,0,0,0,0,0,0,0,0,0,0,0,0
"Guinea","2006",-1,-1,0,0,0,0,-1,-1,0,0,0,0,0,0,0,0,0,0,1,1,0,0,0,0,1,1,0
"Guinea","2007",0,0,0,0,0,0,0,0,0,0,0,0,0,0,0,0,0,0,0,0,0,0,0,0,0,0,0
"Guinea","2008",1,0,1,0,0,0,1,0,1,1,0,1,0,0,0,1,0,1,0,0,0,0,0,0,0,0,0
"Guinea","2009",2,0,2,0,0,0,2,0,2,2,0,2,0,0,0,2,0,2,0,0,0,0,0,0,0,0,0
"Guinea","2010",2,2,0,0,0,0,2,2,0,2,2,0,0,0,0,2,2,0,0,0,0,0,0,0,0,0,0
"Guinea","2011",1,2,-1,0,1,-1,1,1,0,2,2,0,1,1,0,1,1,0,1,0,1,1,0,1,0,0,0
"Guinea","2012",2,0,2,0,0,0,2,0,2,2,0,2,0,0,0,2,0,2,0,0,0,0,0,0,0,0,0
"Guinea","2013",1,1,0,0,0,0,1,1,0,1,1,0,0,0,0,1,1,0,0,0,0,0,0,0,0,0,0
"Guinea","2014",0,0,0,0,0,0,0,0,0,0,0,0,0,0,0,0,0,0,0,0,0,0,0,0,0,0,0
"Guinea","2015",0,0,0,0,0,0,0,0,0,0,0,0,0,0,0,0,0,0,0,0,0,0,0,0,0,0,0
"Guinea","2016",0,0,0,0,0,0,0,0,0,1,1,0,0,0,0,1,1,0,1,1,0,0,0,0,1,1,0
"Guinea","2017",1,0,1,0,0,0,1,0,1,1,0,1,0,0,0,1,0,1,0,0,0,0,0,0,0,0,0
"Guinea","2018",1,1,0,0,0,0,1,1,0,1,1,0,0,0,0,1,1,0,0,0,0,0,0,0,0,0,0
"Guinea","2019",2,1,1,0,0,0,2,1,1,3,2,1,0,0,0,3,2,1,1,1,0,0,0,0,1,1,0
"Equatorial Guinea","2004",1,0,1,1,0,1,0,0,0,1,0,1,1,0,1,0,0,0,0,0,0,0,0,0,0,0,0
"Equatorial Guinea","2005",0,0,0,0,0,0,0,0,0,0,0,0,0,0,0,0,0,0,0,0,0,0,0,0,0,0,0
"Equatorial Guinea","2006",0,0,0,0,0,0,0,0,0,0,0,0,0,0,0,0,0,0,0,0,0,0,0,0,0,0,0
"Equatorial Guinea","2007",0,0,0,0,0,0,0,0,0,0,0,0,0,0,0,0,0,0,0,0,0,0,0,0,0,0,0
"Equatorial Guinea","2008",0,0,0,0,0,0,0,0,0,0,0,0,0,0,0,0,0,0,0,0,0,0,0,0,0,0,0
"Equatorial Guinea","2009",0,0,0,0,0,0,0,0,0,0,0,0,0,0,0,0,0,0,0,0,0,0,0,0,0,0,0
"Equatorial Guinea","2010",0,0,0,0,0,0,0,0,0,0,0,0,0,0,0,0,0,0,0,0,0,0,0,0,0,0,0
"Equatorial Guinea","2011",2,0,2,0,0,0,2,0,2,2,0,2,0,0,0,2,0,2,0,0,0,0,0,0,0,0,0
"Equatorial Guinea","2012",0,0,0,0,0,0,0,0,0,0,0,0,0,0,0,0,0,0,0,0,0,0,0,0,0,0,0
"Equatorial Guinea","2013",0,0,0,0,0,0,0,0,0,0,0,0,0,0,0,0,0,0,0,0,0,0,0,0,0,0,0
"Equatorial Guinea","2014",0,0,0,0,0,0,0,0,0,0,0,0,0,0,0,0,0,0,0,0,0,0,0,0,0,0,0
"Equatorial Guinea","2015",0,0,0,0,0,0,0,0,0,0,0,0,0,0,0,0,0,0,0,0,0,0,0,0,0,0,0
"Equatorial Guinea","2016",3,1,2,0,0,0,3,1,2,3,1,2,0,0,0,3,1,2,0,0,0,0,0,0,0,0,0
"Equatorial Guinea","2017",1,1,0,0,0,0,1,1,0,1,1,0,0,0,0,1,1,0,0,0,0,0,0,0,0,0,0
"Equatorial Guinea","2018",0,0,0,0,0,0,0,0,0,0,0,0,0,0,0,0,0,0,0,0,0,0,0,0,0,0,0
"Equatorial Guinea","2019",0,0,0,0,0,0,0,0,0,0,0,0,0,0,0,0,0,0,0,0,0,0,0,0,0,0,0
"Greece","2004",-5,-3,-2,-3,-2,-1,-2,-1,-1,2,0,2,0,0,0,2,0,2,7,3,4,3,2,1,4,1,3
"Greece","2005",0,1,-1,0,1,-1,0,0,0,2,2,0,2,2,0,0,0,0,2,1,1,2,1,1,0,0,0
"Greece","2006",5,5,0,2,2,0,3,3,0,7,5,2,4,2,2,3,3,0,2,0,2,2,0,2,0,0,0
"Greece","2007",4,4,0,-2,0,-2,6,4,2,6,4,2,0,0,0,6,4,2,2,0,2,2,0,2,0,0,0
"Greece","2008",-5,-3,-2,-4,-1,-3,-1,-2,1,4,1,3,0,0,0,4,1,3,9,4,5,4,1,3,5,3,2
"Greece","2009",6,3,3,1,1,0,5,2,3,13,8,5,5,3,2,8,5,3,7,5,2,4,2,2,3,3,0
"Greece","2010",-3,1,-4,-5,-3,-2,2,4,-2,6,5,1,1,0,1,5,5,0,9,4,5,6,3,3,3,1,2
"Greece","2011",7,2,5,2,0,2,5,2,3,10,5,5,2,0,2,8,5,3,3,3,0,0,0,0,3,3,0
"Greece","2012",7,5,2,7,4,3,0,1,-1,13,9,4,9,5,4,4,4,0,6,4,2,2,1,1,4,3,1
"Greece","2013",8,2,6,1,-1,2,7,3,4,15,7,8,3,1,2,12,6,6,7,5,2,2,2,0,5,3,2
"Greece","2014",10,6,4,0,0,0,10,6,4,13,8,5,1,1,0,12,7,5,3,2,1,1,1,0,2,1,1
"Greece","2015",15,8,7,2,0,2,13,8,5,19,11,8,4,2,2,15,9,6,4,3,1,2,2,0,2,1,1
"Greece","2016",26,17,9,2,1,1,24,16,8,31,20,11,2,1,1,29,19,10,5,3,2,0,0,0,5,3,2
"Greece","2017",50,35,15,-1,0,-1,51,35,16,67,45,22,1,1,0,66,44,22,17,10,7,2,1,1,15,9,6
"Greece","2018",74,44,30,-2,-1,-1,76,45,31,97,58,39,1,0,1,96,58,38,23,14,9,3,1,2,20,13,7
"Greece","2019",65,35,30,0,1,-1,65,34,31,88,50,38,1,1,0,87,49,38,23,15,8,1,0,1,22,15,7
"Guatemala","2004",0,0,0,0,0,0,0,0,0,0,0,0,0,0,0,0,0,0,0,0,0,0,0,0,0,0,0
"Guatemala","2005",2,0,2,0,0,0,2,0,2,2,0,2,0,0,0,2,0,2,0,0,0,0,0,0,0,0,0
"Guatemala","2006",0,0,0,0,0,0,0,0,0,0,0,0,0,0,0,0,0,0,0,0,0,0,0,0,0,0,0
"Guatemala","2007",1,0,1,0,0,0,1,0,1,1,0,1,0,0,0,1,0,1,0,0,0,0,0,0,0,0,0
"Guatemala","2008",2,1,1,0,0,0,2,1,1,2,1,1,0,0,0,2,1,1,0,0,0,0,0,0,0,0,0
"Guatemala","2009",-3,-2,-1,-2,-2,0,-1,0,-1,0,0,0,0,0,0,0,0,0,3,2,1,2,2,0,1,0,1
"Guatemala","2010",-1,0,-1,0,0,0,-1,0,-1,0,0,0,0,0,0,0,0,0,1,0,1,0,0,0,1,0,1
"Guatemala","2011",-5,-2,-3,-5,-2,-3,0,0,0,0,0,0,0,0,0,0,0,0,5,2,3,5,2,3,0,0,0
"Guatemala","2012",4,2,2,1,0,1,3,2,1,4,2,2,1,0,1,3,2,1,0,0,0,0,0,0,0,0,0
"Guatemala","2013",5,2,3,4,2,2,1,0,1,5,2,3,4,2,2,1,0,1,0,0,0,0,0,0,0,0,0
"Guatemala","2014",-1,-1,0,0,0,0,-1,-1,0,0,0,0,0,0,0,0,0,0,1,1,0,0,0,0,1,1,0
"Guatemala","2015",2,1,1,0,0,0,2,1,1,2,1,1,0,0,0,2,1,1,0,0,0,0,0,0,0,0,0
"Guatemala","2016",0,0,0,0,0,0,0,0,0,0,0,0,0,0,0,0,0,0,0,0,0,0,0,0,0,0,0
"Guatemala","2017",-2,-1,-1,0,0,0,-2,-1,-1,0,0,0,0,0,0,0,0,0,2,1,1,0,0,0,2,1,1
"Guatemala","2018",0,0,0,0,0,0,0,0,0,0,0,0,0,0,0,0,0,0,0,0,0,0,0,0,0,0,0
"Guatemala","2019",2,1,1,0,0,0,2,1,1,3,2,1,0,0,0,3,2,1,1,1,0,0,0,0,1,1,0
"Guam","2004",0,0,0,0,0,0,0,0,0,0,0,0,0,0,0,0,0,0,0,0,0,0,0,0,0,0,0
"Guam","2005",0,0,0,0,0,0,0,0,0,0,0,0,0,0,0,0,0,0,0,0,0,0,0,0,0,0,0
"Guam","2006",0,0,0,0,0,0,0,0,0,0,0,0,0,0,0,0,0,0,0,0,0,0,0,0,0,0,0
"Guam","2007",0,0,0,0,0,0,0,0,0,0,0,0,0,0,0,0,0,0,0,0,0,0,0,0,0,0,0
"Guam","2008",0,0,0,0,0,0,0,0,0,0,0,0,0,0,0,0,0,0,0,0,0,0,0,0,0,0,0
"Guam","2009",0,0,0,0,0,0,0,0,0,0,0,0,0,0,0,0,0,0,0,0,0,0,0,0,0,0,0
"Guam","2010",0,0,0,0,0,0,0,0,0,0,0,0,0,0,0,0,0,0,0,0,0,0,0,0,0,0,0
"Guam","2011",0,0,0,0,0,0,0,0,0,0,0,0,0,0,0,0,0,0,0,0,0,0,0,0,0,0,0
"Guam","2012",0,0,0,0,0,0,0,0,0,0,0,0,0,0,0,0,0,0,0,0,0,0,0,0,0,0,0
"Guam","2013",0,0,0,0,0,0,0,0,0,0,0,0,0,0,0,0,0,0,0,0,0,0,0,0,0,0,0
"Guam","2014",1,1,0,0,0,0,1,1,0,1,1,0,0,0,0,1,1,0,0,0,0,0,0,0,0,0,0
"Guam","2015",0,0,0,0,0,0,0,0,0,0,0,0,0,0,0,0,0,0,0,0,0,0,0,0,0,0,0
"Guam","2016",0,0,0,0,0,0,0,0,0,0,0,0,0,0,0,0,0,0,0,0,0,0,0,0,0,0,0
"Guam","2017",0,0,0,0,0,0,0,0,0,0,0,0,0,0,0,0,0,0,0,0,0,0,0,0,0,0,0
"Guam","2018",0,0,0,0,0,0,0,0,0,0,0,0,0,0,0,0,0,0,0,0,0,0,0,0,0,0,0
"Guam","2019",0,0,0,0,0,0,0,0,0,0,0,0,0,0,0,0,0,0,0,0,0,0,0,0,0,0,0
"Guinea-Bissau","2004",0,0,0,0,0,0,0,0,0,0,0,0,0,0,0,0,0,0,0,0,0,0,0,0,0,0,0
"Guinea-Bissau","2005",0,0,0,0,0,0,0,0,0,0,0,0,0,0,0,0,0,0,0,0,0,0,0,0,0,0,0
"Guinea-Bissau","2006",0,0,0,0,0,0,0,0,0,0,0,0,0,0,0,0,0,0,0,0,0,0,0,0,0,0,0
"Guinea-Bissau","2007",0,0,0,0,0,0,0,0,0,0,0,0,0,0,0,0,0,0,0,0,0,0,0,0,0,0,0
"Guinea-Bissau","2008",0,0,0,0,0,0,0,0,0,0,0,0,0,0,0,0,0,0,0,0,0,0,0,0,0,0,0
"Guinea-Bissau","2009",0,0,0,0,0,0,0,0,0,0,0,0,0,0,0,0,0,0,0,0,0,0,0,0,0,0,0
"Guinea-Bissau","2010",0,0,0,0,0,0,0,0,0,0,0,0,0,0,0,0,0,0,0,0,0,0,0,0,0,0,0
"Guinea-Bissau","2011",0,0,0,0,0,0,0,0,0,0,0,0,0,0,0,0,0,0,0,0,0,0,0,0,0,0,0
"Guinea-Bissau","2012",0,0,0,0,0,0,0,0,0,0,0,0,0,0,0,0,0,0,0,0,0,0,0,0,0,0,0
"Guinea-Bissau","2013",0,0,0,0,0,0,0,0,0,0,0,0,0,0,0,0,0,0,0,0,0,0,0,0,0,0,0
"Guinea-Bissau","2014",0,0,0,0,0,0,0,0,0,0,0,0,0,0,0,0,0,0,0,0,0,0,0,0,0,0,0
"Guinea-Bissau","2015",0,0,0,0,0,0,0,0,0,0,0,0,0,0,0,0,0,0,0,0,0,0,0,0,0,0,0
"Guinea-Bissau","2016",1,1,0,0,0,0,1,1,0,1,1,0,0,0,0,1,1,0,0,0,0,0,0,0,0,0,0
"Guinea-Bissau","2017",0,0,0,0,0,0,0,0,0,0,0,0,0,0,0,0,0,0,0,0,0,0,0,0,0,0,0
"Guinea-Bissau","2018",-1,-1,0,0,0,0,-1,-1,0,0,0,0,0,0,0,0,0,0,1,1,0,0,0,0,1,1,0
"Guinea-Bissau","2019",0,0,0,0,0,0,0,0,0,0,0,0,0,0,0,0,0,0,0,0,0,0,0,0,0,0,0
"Guyana","2004",3,1,2,0,0,0,3,1,2,3,1,2,0,0,0,3,1,2,0,0,0,0,0,0,0,0,0
"Guyana","2005",1,0,1,0,0,0,1,0,1,1,0,1,0,0,0,1,0,1,0,0,0,0,0,0,0,0,0
"Guyana","2006",2,1,1,1,1,0,1,0,1,2,1,1,1,1,0,1,0,1,0,0,0,0,0,0,0,0,0
"Guyana","2007",1,0,1,0,0,0,1,0,1,1,0,1,0,0,0,1,0,1,0,0,0,0,0,0,0,0,0
"Guyana","2008",-2,0,-2,0,0,0,-2,0,-2,0,0,0,0,0,0,0,0,0,2,0,2,0,0,0,2,0,2
"Guyana","2009",0,0,0,0,0,0,0,0,0,0,0,0,0,0,0,0,0,0,0,0,0,0,0,0,0,0,0
"Guyana","2010",0,0,0,0,0,0,0,0,0,0,0,0,0,0,0,0,0,0,0,0,0,0,0,0,0,0,0
"Guyana","2011",0,0,0,0,0,0,0,0,0,0,0,0,0,0,0,0,0,0,0,0,0,0,0,0,0,0,0
"Guyana","2012",0,0,0,0,0,0,0,0,0,0,0,0,0,0,0,0,0,0,0,0,0,0,0,0,0,0,0
"Guyana","2013",0,0,0,0,0,0,0,0,0,0,0,0,0,0,0,0,0,0,0,0,0,0,0,0,0,0,0
"Guyana","2014",0,0,0,0,0,0,0,0,0,0,0,0,0,0,0,0,0,0,0,0,0,0,0,0,0,0,0
"Guyana","2015",1,1,0,0,0,0,1,1,0,1,1,0,0,0,0,1,1,0,0,0,0,0,0,0,0,0,0
"Guyana","2016",0,0,0,0,0,0,0,0,0,0,0,0,0,0,0,0,0,0,0,0,0,0,0,0,0,0,0
"Guyana","2017",0,0,0,0,0,0,0,0,0,0,0,0,0,0,0,0,0,0,0,0,0,0,0,0,0,0,0
"Guyana","2018",2,2,0,0,0,0,2,2,0,2,2,0,0,0,0,2,2,0,0,0,0,0,0,0,0,0,0
"Guyana","2019",1,0,1,0,0,0,1,0,1,2,1,1,0,0,0,2,1,1,1,1,0,0,0,0,1,1,0
"Hong Kong","2004",3,1,2,3,1,2,0,0,0,3,1,2,3,1,2,0,0,0,0,0,0,0,0,0,0,0,0
"Hong Kong","2005",3,3,0,4,3,1,-1,0,-1,5,4,1,5,4,1,0,0,0,2,1,1,1,1,0,1,0,1
"Hong Kong","2006",-5,-2,-3,-5,-2,-3,0,0,0,0,0,0,0,0,0,0,0,0,5,2,3,5,2,3,0,0,0
"Hong Kong","2007",2,0,2,4,1,3,-2,-1,-1,6,3,3,6,3,3,0,0,0,4,3,1,2,2,0,2,1,1
"Hong Kong","2008",1,2,-1,2,2,0,-1,0,-1,5,3,2,5,3,2,0,0,0,4,1,3,3,1,2,1,0,1
"Hong Kong","2009",-1,1,-2,0,1,-1,-1,0,-1,2,2,0,2,2,0,0,0,0,3,1,2,2,1,1,1,0,1
"Hong Kong","2010",-8,-4,-4,-5,-3,-2,-3,-1,-2,0,0,0,0,0,0,0,0,0,8,4,4,5,3,2,3,1,2
"Hong Kong","2011",0,0,0,0,0,0,0,0,0,1,1,0,1,1,0,0,0,0,1,1,0,1,1,0,0,0,0
"Hong Kong","2012",6,3,3,6,3,3,0,0,0,6,3,3,6,3,3,0,0,0,0,0,0,0,0,0,0,0,0
"Hong Kong","2013",0,0,0,0,0,0,0,0,0,2,1,1,2,1,1,0,0,0,2,1,1,2,1,1,0,0,0
"Hong Kong","2014",7,5,2,7,5,2,0,0,0,9,5,4,9,5,4,0,0,0,2,0,2,2,0,2,0,0,0
"Hong Kong","2015",4,1,3,1,0,1,3,1,2,4,1,3,1,0,1,3,1,2,0,0,0,0,0,0,0,0,0
"Hong Kong","2016",-2,0,-2,-4,-1,-3,2,1,1,3,2,1,1,1,0,2,1,1,5,2,3,5,2,3,0,0,0
"Hong Kong","2017",5,3,2,4,2,2,1,1,0,6,3,3,4,2,2,2,1,1,1,0,1,0,0,0,1,0,1
"Hong Kong","2018",-4,-2,-2,-4,-1,-3,0,-1,1,1,0,1,0,0,0,1,0,1,5,2,3,4,1,3,1,1,0
"Hong Kong","2019",1,0,1,-2,-2,0,3,2,1,5,2,3,2,0,2,3,2,1,4,2,2,4,2,2,0,0,0
"Honduras","2004",1,0,1,0,0,0,1,0,1,2,1,1,0,0,0,2,1,1,1,1,0,0,0,0,1,1,0
"Honduras","2005",4,1,3,0,0,0,4,1,3,5,2,3,1,1,0,4,1,3,1,1,0,1,1,0,0,0,0
"Honduras","2006",2,1,1,0,0,0,2,1,1,2,1,1,0,0,0,2,1,1,0,0,0,0,0,0,0,0,0
"Honduras","2007",-1,-1,0,-1,-1,0,0,0,0,0,0,0,0,0,0,0,0,0,1,1,0,1,1,0,0,0,0
"Honduras","2008",-1,-1,0,0,0,0,-1,-1,0,1,0,1,0,0,0,1,0,1,2,1,1,0,0,0,2,1,1
"Honduras","2009",4,0,4,0,0,0,4,0,4,5,1,4,0,0,0,5,1,4,1,1,0,0,0,0,1,1,0
"Honduras","2010",0,0,0,0,0,0,0,0,0,0,0,0,0,0,0,0,0,0,0,0,0,0,0,0,0,0,0
"Honduras","2011",-3,-2,-1,-3,-2,-1,0,0,0,2,1,1,0,0,0,2,1,1,5,3,2,3,2,1,2,1,1
"Honduras","2012",2,1,1,0,0,0,2,1,1,2,1,1,0,0,0,2,1,1,0,0,0,0,0,0,0,0,0
"Honduras","2013",3,2,1,0,0,0,3,2,1,3,2,1,0,0,0,3,2,1,0,0,0,0,0,0,0,0,0
"Honduras","2014",-1,0,-1,0,0,0,-1,0,-1,0,0,0,0,0,0,0,0,0,1,0,1,0,0,0,1,0,1
"Honduras","2015",3,0,3,0,0,0,3,0,3,4,1,3,0,0,0,4,1,3,1,1,0,0,0,0,1,1,0
"Honduras","2016",6,4,2,0,0,0,6,4,2,7,4,3,0,0,0,7,4,3,1,0,1,0,0,0,1,0,1
"Honduras","2017",5,2,3,0,0,0,5,2,3,6,2,4,0,0,0,6,2,4,1,0,1,0,0,0,1,0,1
"Honduras","2018",10,1,9,1,0,1,9,1,8,11,2,9,2,1,1,9,1,8,1,1,0,1,1,0,0,0,0
"Honduras","2019",1,1,0,1,1,0,0,0,0,1,1,0,1,1,0,0,0,0,0,0,0,0,0,0,0,0,0
"Croatia","2004",0,1,-1,0,1,-1,0,0,0,3,2,1,1,1,0,2,1,1,3,1,2,1,0,1,2,1,1
"Croatia","2005",7,4,3,0,-1,1,7,5,2,10,7,3,1,0,1,9,7,2,3,3,0,1,1,0,2,2,0
"Croatia","2006",78,74,4,0,0,0,78,74,4,79,75,4,0,0,0,79,75,4,1,1,0,0,0,0,1,1,0
"Croatia","2007",-73,-70,-3,-4,-2,-2,-69,-68,-1,9,9,0,1,1,0,8,8,0,82,79,3,5,3,2,77,76,1
"Croatia","2008",-4,-1,-3,0,0,0,-4,-1,-3,5,5,0,0,0,0,5,5,0,9,6,3,0,0,0,9,6,3
"Croatia","2009",-5,-5,0,2,0,2,-7,-5,-2,5,3,2,4,2,2,1,1,0,10,8,2,2,2,0,8,6,2
"Croatia","2010",-2,-3,1,-2,-2,0,0,-1,1,1,0,1,0,0,0,1,0,1,3,3,0,2,2,0,1,1,0
"Croatia","2011",-1,-3,2,0,0,0,-1,-3,2,2,0,2,0,0,0,2,0,2,3,3,0,0,0,0,3,3,0
"Croatia","2012",0,3,-3,0,0,0,0,3,-3,5,5,0,1,1,0,4,4,0,5,2,3,1,1,0,4,1,3
"Croatia","2013",7,5,2,2,2,0,5,3,2,10,7,3,2,2,0,8,5,3,3,2,1,0,0,0,3,2,1
"Croatia","2014",11,4,7,0,1,-1,11,3,8,18,9,9,1,1,0,17,8,9,7,5,2,1,0,1,6,5,1
"Croatia","2015",17,10,7,0,0,0,17,10,7,23,12,11,0,0,0,23,12,11,6,2,4,0,0,0,6,2,4
"Croatia","2016",95,66,29,-1,-1,0,96,67,29,102,70,32,0,0,0,102,70,32,7,4,3,1,1,0,6,3,3
"Croatia","2017",163,124,39,0,0,0,163,124,39,173,127,46,0,0,0,173,127,46,10,3,7,0,0,0,10,3,7
"Croatia","2018",189,139,50,0,0,0,189,139,50,218,160,58,0,0,0,218,160,58,29,21,8,0,0,0,29,21,8
"Croatia","2019",109,81,28,-3,-2,-1,112,83,29,150,103,47,0,0,0,150,103,47,41,22,19,3,2,1,38,20,18
"Haiti","2004",0,0,0,0,0,0,0,0,0,0,0,0,0,0,0,0,0,0,0,0,0,0,0,0,0,0,0
"Haiti","2005",1,1,0,0,0,0,1,1,0,1,1,0,0,0,0,1,1,0,0,0,0,0,0,0,0,0,0
"Haiti","2006",2,1,1,0,0,0,2,1,1,2,1,1,0,0,0,2,1,1,0,0,0,0,0,0,0,0,0
"Haiti","2007",0,0,0,0,0,0,0,0,0,0,0,0,0,0,0,0,0,0,0,0,0,0,0,0,0,0,0
"Haiti","2008",1,0,1,0,0,0,1,0,1,1,0,1,0,0,0,1,0,1,0,0,0,0,0,0,0,0,0
"Haiti","2009",4,1,3,0,0,0,4,1,3,4,1,3,0,0,0,4,1,3,0,0,0,0,0,0,0,0,0
"Haiti","2010",3,1,2,0,0,0,3,1,2,3,1,2,0,0,0,3,1,2,0,0,0,0,0,0,0,0,0
"Haiti","2011",0,0,0,0,0,0,0,0,0,0,0,0,0,0,0,0,0,0,0,0,0,0,0,0,0,0,0
"Haiti","2012",7,3,4,0,0,0,7,3,4,7,3,4,0,0,0,7,3,4,0,0,0,0,0,0,0,0,0
"Haiti","2013",-1,-1,0,0,0,0,-1,-1,0,0,0,0,0,0,0,0,0,0,1,1,0,0,0,0,1,1,0
"Haiti","2014",-4,-2,-2,0,0,0,-4,-2,-2,0,0,0,0,0,0,0,0,0,4,2,2,0,0,0,4,2,2
"Haiti","2015",0,0,0,0,0,0,0,0,0,0,0,0,0,0,0,0,0,0,0,0,0,0,0,0,0,0,0
"Haiti","2016",2,1,1,0,0,0,2,1,1,2,1,1,0,0,0,2,1,1,0,0,0,0,0,0,0,0,0
"Haiti","2017",1,1,0,0,0,0,1,1,0,2,1,1,0,0,0,2,1,1,1,0,1,0,0,0,1,0,1
"Haiti","2018",0,0,0,0,0,0,0,0,0,1,0,1,0,0,0,1,0,1,1,0,1,0,0,0,1,0,1
"Haiti","2019",0,1,-1,0,0,0,0,1,-1,1,1,0,0,0,0,1,1,0,1,0,1,0,0,0,1,0,1
"Hungary","2004",-1,2,-3,-4,-2,-2,3,4,-1,7,4,3,0,0,0,7,4,3,8,2,6,4,2,2,4,0,4
"Hungary","2005",7,4,3,3,2,1,4,2,2,15,6,9,6,3,3,9,3,6,8,2,6,3,1,2,5,1,4
"Hungary","2006",13,7,6,0,0,0,13,7,6,17,9,8,0,0,0,17,9,8,4,2,2,0,0,0,4,2,2
"Hungary","2007",33,23,10,-3,-1,-2,36,24,12,42,28,14,0,0,0,42,28,14,9,5,4,3,1,2,6,4,2
"Hungary","2008",68,52,16,0,0,0,68,52,16,92,69,23,0,0,0,92,69,23,24,17,7,0,0,0,24,17,7
"Hungary","2009",-27,-28,1,-1,0,-1,-26,-28,2,24,11,13,0,0,0,24,11,13,51,39,12,1,0,1,50,39,11
"Hungary","2010",7,0,7,-1,-1,0,8,1,7,31,17,14,0,0,0,31,17,14,24,17,7,1,1,0,23,16,7
"Hungary","2011",5,-3,8,-1,-1,0,6,-2,8,29,15,14,1,0,1,28,15,13,24,18,6,2,1,1,22,17,5
"Hungary","2012",3,0,3,1,1,0,2,-1,3,28,15,13,1,1,0,27,14,13,25,15,10,0,0,0,25,15,10
"Hungary","2013",12,4,8,-2,-2,0,14,6,8,35,17,18,0,0,0,35,17,18,23,13,10,2,2,0,21,11,10
"Hungary","2014",39,24,15,-1,0,-1,40,24,16,57,31,26,1,1,0,56,30,26,18,7,11,2,1,1,16,6,10
"Hungary","2015",43,24,19,1,0,1,42,24,18,75,44,31,2,1,1,73,43,30,32,20,12,1,1,0,31,19,12
"Hungary","2016",60,36,24,-4,-2,-2,64,38,26,104,62,42,0,0,0,104,62,42,44,26,18,4,2,2,40,24,16
"Hungary","2017",97,68,29,-5,-2,-3,102,70,32,161,105,56,5,4,1,156,101,55,64,37,27,10,6,4,54,31,23
"Hungary","2018",36,14,22,-2,-1,-1,38,15,23,126,74,52,1,0,1,125,74,51,90,60,30,3,1,2,87,59,28
"Hungary","2019",45,29,16,5,2,3,40,27,13,96,60,36,5,2,3,91,58,33,51,31,20,0,0,0,51,31,20
"Indonesia","2004",4,2,2,1,1,0,3,1,2,11,9,2,7,7,0,4,2,2,7,7,0,6,6,0,1,1,0
"Indonesia","2005",2,0,2,1,1,0,1,-1,2,9,7,2,3,3,0,6,4,2,7,7,0,2,2,0,5,5,0
"Indonesia","2006",47,41,6,5,5,0,42,36,6,51,45,6,6,6,0,45,39,6,4,4,0,1,1,0,3,3,0
"Indonesia","2007",12,10,2,2,2,0,10,8,2,14,12,2,4,4,0,10,8,2,2,2,0,2,2,0,0,0,0
"Indonesia","2008",-32,-36,4,0,0,0,-32,-36,4,13,8,5,3,3,0,10,5,5,45,44,1,3,3,0,42,41,1
"Indonesia","2009",-3,-3,0,-3,-3,0,0,0,0,4,3,1,2,2,0,2,1,1,7,6,1,5,5,0,2,1,1
"Indonesia","2010",-2,-5,3,-2,-2,0,0,-3,3,10,5,5,4,2,2,6,3,3,12,10,2,6,4,2,6,6,0
"Indonesia","2011",9,0,9,1,1,0,8,-1,9,13,3,10,1,1,0,12,2,10,4,3,1,0,0,0,4,3,1
"Indonesia","2012",3,2,1,0,0,0,3,2,1,8,5,3,2,2,0,6,3,3,5,3,2,2,2,0,3,1,2
"Indonesia","2013",7,3,4,1,1,0,6,2,4,8,4,4,2,2,0,6,2,4,1,1,0,1,1,0,0,0,0
"Indonesia","2014",6,0,6,1,1,0,5,-1,6,8,1,7,1,1,0,7,0,7,2,1,1,0,0,0,2,1,1
"Indonesia","2015",6,3,3,0,0,0,6,3,3,8,5,3,1,1,0,7,4,3,2,2,0,1,1,0,1,1,0
"Indonesia","2016",0,-3,3,-1,-1,0,1,-2,3,11,4,7,1,1,0,10,3,7,11,7,4,2,2,0,9,5,4
"Indonesia","2017",5,0,5,0,-1,1,5,1,4,15,7,8,2,1,1,13,6,7,10,7,3,2,2,0,8,5,3
"Indonesia","2018",6,3,3,6,4,2,0,-1,1,14,5,9,6,4,2,8,1,7,8,2,6,0,0,0,8,2,6
"Indonesia","2019",9,6,3,2,2,0,7,4,3,15,8,7,2,2,0,13,6,7,6,2,4,0,0,0,6,2,4
"Ireland","2004",-2,-1,-1,2,3,-1,-4,-4,0,9,5,4,6,4,2,3,1,2,11,6,5,4,1,3,7,5,2
"Ireland","2005",-18,-8,-10,-20,-11,-9,2,3,-1,8,7,1,2,2,0,6,5,1,26,15,11,22,13,9,4,2,2
"Ireland","2006",8,7,1,1,0,1,7,7,0,25,17,8,15,8,7,10,9,1,17,10,7,14,8,6,3,2,1
"Ireland","2007",12,10,2,3,3,0,9,7,2,19,14,5,6,4,2,13,10,3,7,4,3,3,1,2,4,3,1
"Ireland","2008",6,6,0,1,3,-2,5,3,2,18,11,7,7,5,2,11,6,5,12,5,7,6,2,4,6,3,3
"Ireland","2009",-3,0,-3,-5,-2,-3,2,2,0,16,13,3,4,2,2,12,11,1,19,13,6,9,4,5,10,9,1
"Ireland","2010",-7,3,-10,-7,2,-9,0,1,-1,18,11,7,7,6,1,11,5,6,25,8,17,14,4,10,11,4,7
"Ireland","2011",3,3,0,8,5,3,-5,-2,-3,18,12,6,9,6,3,9,6,3,15,9,6,1,1,0,14,8,6
"Ireland","2012",4,0,4,1,0,1,3,0,3,20,10,10,12,5,7,8,5,3,16,10,6,11,5,6,5,5,0
"Ireland","2013",6,0,6,-2,-3,1,8,3,5,16,9,7,3,1,2,13,8,5,10,9,1,5,4,1,5,5,0
"Ireland","2014",-6,-2,-4,-13,-4,-9,7,2,5,17,8,9,3,1,2,14,7,7,23,10,13,16,5,11,7,5,2
"Ireland","2015",12,6,6,4,1,3,8,5,3,24,12,12,8,4,4,16,8,8,12,6,6,4,3,1,8,3,5
"Ireland","2016",16,9,7,-2,-2,0,18,11,7,40,23,17,7,4,3,33,19,14,24,14,10,9,6,3,15,8,7
"Ireland","2017",24,18,6,2,2,0,22,16,6,45,31,14,9,6,3,36,25,11,21,13,8,7,4,3,14,9,5
"Ireland","2018",9,5,4,2,1,1,7,4,3,26,16,10,4,2,2,22,14,8,17,11,6,2,1,1,15,10,5
"Ireland","2019",20,17,3,-4,-1,-3,24,18,6,41,28,13,4,4,0,37,24,13,21,11,10,8,5,3,13,6,7
"Israel","2004",3,3,0,4,4,0,-1,-1,0,4,4,0,4,4,0,0,0,0,1,1,0,0,0,0,1,1,0
"Israel","2005",2,1,1,0,0,0,2,1,1,2,1,1,0,0,0,2,1,1,0,0,0,0,0,0,0,0,0
"Israel","2006",4,3,1,0,0,0,4,3,1,4,3,1,0,0,0,4,3,1,0,0,0,0,0,0,0,0,0
"Israel","2007",1,1,0,0,0,0,1,1,0,1,1,0,0,0,0,1,1,0,0,0,0,0,0,0,0,0,0
"Israel","2008",0,0,0,0,0,0,0,0,0,1,1,0,0,0,0,1,1,0,1,1,0,0,0,0,1,1,0
"Israel","2009",4,3,1,0,0,0,4,3,1,4,3,1,0,0,0,4,3,1,0,0,0,0,0,0,0,0,0
"Israel","2010",3,1,2,0,0,0,3,1,2,3,1,2,0,0,0,3,1,2,0,0,0,0,0,0,0,0,0
"Israel","2011",-2,-1,-1,-1,0,-1,-1,-1,0,0,0,0,0,0,0,0,0,0,2,1,1,1,0,1,1,1,0
"Israel","2012",5,3,2,2,1,1,3,2,1,7,4,3,2,1,1,5,3,2,2,1,1,0,0,0,2,1,1
"Israel","2013",1,1,0,0,0,0,1,1,0,3,3,0,0,0,0,3,3,0,2,2,0,0,0,0,2,2,0
"Israel","2014",-4,-1,-3,-1,0,-1,-3,-1,-2,3,2,1,0,0,0,3,2,1,7,3,4,1,0,1,6,3,3
"Israel","2015",1,1,0,-1,-1,0,2,2,0,4,2,2,0,0,0,4,2,2,3,1,2,1,1,0,2,0,2
"Israel","2016",2,2,0,0,0,0,2,2,0,3,2,1,0,0,0,3,2,1,1,0,1,0,0,0,1,0,1
"Israel","2017",1,1,0,0,0,0,1,1,0,2,1,1,0,0,0,2,1,1,1,0,1,0,0,0,1,0,1
"Israel","2018",6,5,1,2,1,1,4,4,0,7,6,1,2,1,1,5,5,0,1,1,0,0,0,0,1,1,0
"Israel","2019",2,-1,3,0,0,0,2,-1,3,3,0,3,0,0,0,3,0,3,1,1,0,0,0,0,1,1,0
"India","2004",17,7,10,6,3,3,11,4,7,28,12,16,9,4,5,19,8,11,11,5,6,3,1,2,8,4,4
"India","2005",13,10,3,-2,-1,-1,15,11,4,17,13,4,1,1,0,16,12,4,4,3,1,3,2,1,1,1,0
"India","2006",35,25,10,-2,0,-2,37,25,12,45,31,14,5,3,2,40,28,12,10,6,4,7,3,4,3,3,0
"India","2007",32,19,13,4,3,1,28,16,12,46,30,16,5,3,2,41,27,14,14,11,3,1,0,1,13,11,2
"India","2008",-1,-1,0,-2,-1,-1,1,0,1,65,43,22,1,0,1,64,43,21,66,44,22,3,1,2,63,43,20
"India","2009",-26,-24,-2,1,0,1,-27,-24,-3,21,14,7,4,2,2,17,12,5,47,38,9,3,2,1,44,36,8
"India","2010",0,2,-2,1,0,1,-1,2,-3,23,17,6,2,1,1,21,16,5,23,15,8,1,1,0,22,14,8
"India","2011",11,8,3,1,1,0,10,7,3,18,13,5,1,1,0,17,12,5,7,5,2,0,0,0,7,5,2
"India","2012",14,6,8,-1,-1,0,15,7,8,17,8,9,0,0,0,17,8,9,3,2,1,1,1,0,2,1,1
"India","2013",11,7,4,0,0,0,11,7,4,22,14,8,0,0,0,22,14,8,11,7,4,0,0,0,11,7,4
"India","2014",11,6,5,1,1,0,10,5,5,22,14,8,1,1,0,21,13,8,11,8,3,0,0,0,11,8,3
"India","2015",7,3,4,0,1,-1,7,2,5,22,11,11,2,2,0,20,9,11,15,8,7,2,1,1,13,7,6
"India","2016",15,4,11,1,1,0,14,3,11,30,14,16,1,1,0,29,13,16,15,10,5,0,0,0,15,10,5
"India","2017",7,3,4,2,0,2,5,3,2,18,8,10,2,0,2,16,8,8,11,5,6,0,0,0,11,5,6
"India","2018",13,4,9,2,1,1,11,3,8,24,10,14,2,1,1,22,9,13,11,6,5,0,0,0,11,6,5
"India","2019",26,16,10,0,0,0,26,16,10,40,24,16,0,0,0,40,24,16,14,8,6,0,0,0,14,8,6
"Iraq","2004",0,0,0,0,0,0,0,0,0,0,0,0,0,0,0,0,0,0,0,0,0,0,0,0,0,0,0
"Iraq","2005",0,0,0,0,0,0,0,0,0,0,0,0,0,0,0,0,0,0,0,0,0,0,0,0,0,0,0
"Iraq","2006",1,1,0,0,0,0,1,1,0,1,1,0,0,0,0,1,1,0,0,0,0,0,0,0,0,0,0
"Iraq","2007",3,3,0,0,0,0,3,3,0,3,3,0,0,0,0,3,3,0,0,0,0,0,0,0,0,0,0
"Iraq","2008",30,13,17,0,0,0,30,13,17,30,13,17,0,0,0,30,13,17,0,0,0,0,0,0,0,0,0
"Iraq","2009",-4,-1,-3,0,0,0,-4,-1,-3,1,1,0,0,0,0,1,1,0,5,2,3,0,0,0,5,2,3
"Iraq","2010",0,0,0,0,0,0,0,0,0,0,0,0,0,0,0,0,0,0,0,0,0,0,0,0,0,0,0
"Iraq","2011",-3,-4,1,-8,-7,-1,5,3,2,5,3,2,0,0,0,5,3,2,8,7,1,8,7,1,0,0,0
"Iraq","2012",6,5,1,1,1,0,5,4,1,8,7,1,3,3,0,5,4,1,2,2,0,2,2,0,0,0,0
"Iraq","2013",1,0,1,0,0,0,1,0,1,5,4,1,3,3,0,2,1,1,4,4,0,3,3,0,1,1,0
"Iraq","2014",-2,0,-2,-3,-1,-2,1,1,0,5,5,0,4,4,0,1,1,0,7,5,2,7,5,2,0,0,0
"Iraq","2015",3,3,0,3,3,0,0,0,0,5,5,0,3,3,0,2,2,0,2,2,0,0,0,0,2,2,0
"Iraq","2016",33,22,11,3,1,2,30,21,9,35,24,11,4,2,2,31,22,9,2,2,0,1,1,0,1,1,0
"Iraq","2017",54,33,21,4,4,0,50,29,21,55,34,21,4,4,0,51,30,21,1,1,0,0,0,0,1,1,0
"Iraq","2018",80,49,31,0,1,-1,80,48,32,83,50,33,1,1,0,82,49,33,3,1,2,1,0,1,2,1,1
"Iraq","2019",63,34,29,0,0,0,63,34,29,65,36,29,0,0,0,65,36,29,2,2,0,0,0,0,2,2,0
"Iran","2004",0,0,0,0,0,0,0,0,0,2,2,0,0,0,0,2,2,0,2,2,0,0,0,0,2,2,0
"Iran","2005",0,-1,1,1,1,0,-1,-2,1,3,2,1,1,1,0,2,1,1,3,3,0,0,0,0,3,3,0
"Iran","2006",5,2,3,0,0,0,5,2,3,7,4,3,0,0,0,7,4,3,2,2,0,0,0,0,2,2,0
"Iran","2007",7,6,1,1,1,0,6,5,1,9,7,2,1,1,0,8,6,2,2,1,1,0,0,0,2,1,1
"Iran","2008",-1,-2,1,1,1,0,-2,-3,1,5,2,3,1,1,0,4,1,3,6,4,2,0,0,0,6,4,2
"Iran","2009",-1,-1,0,0,0,0,-1,-1,0,3,2,1,0,0,0,3,2,1,4,3,1,0,0,0,4,3,1
"Iran","2010",11,8,3,0,0,0,11,8,3,11,8,3,0,0,0,11,8,3,0,0,0,0,0,0,0,0,0
"Iran","2011",12,8,4,0,0,0,12,8,4,15,11,4,0,0,0,15,11,4,3,3,0,0,0,0,3,3,0
"Iran","2012",13,9,4,0,0,0,13,9,4,13,9,4,0,0,0,13,9,4,0,0,0,0,0,0,0,0,0
"Iran","2013",-1,1,-2,0,0,0,-1,1,-2,9,6,3,2,1,1,7,5,2,10,5,5,2,1,1,8,4,4
"Iran","2014",2,-2,4,0,0,0,2,-2,4,9,4,5,0,0,0,9,4,5,7,6,1,0,0,0,7,6,1
"Iran","2015",13,7,6,0,0,0,13,7,6,17,10,7,0,0,0,17,10,7,4,3,1,0,0,0,4,3,1
"Iran","2016",28,17,11,0,0,0,28,17,11,32,20,12,0,0,0,32,20,12,4,3,1,0,0,0,4,3,1
"Iran","2017",7,4,3,0,0,0,7,4,3,10,6,4,0,0,0,10,6,4,3,2,1,0,0,0,3,2,1
"Iran","2018",32,21,11,0,0,0,32,21,11,36,25,11,0,0,0,36,25,11,4,4,0,0,0,0,4,4,0
"Iran","2019",43,24,19,0,0,0,43,24,19,45,26,19,0,0,0,45,26,19,2,2,0,0,0,0,2,2,0
"Italy","2004",124,108,16,-1,-2,1,125,110,15,189,151,38,20,6,14,169,145,24,65,43,22,21,8,13,44,35,9
"Italy","2005",59,47,12,4,2,2,55,45,10,87,63,24,17,7,10,70,56,14,28,16,12,13,5,8,15,11,4
"Italy","2006",11,11,0,-7,-2,-5,18,13,5,108,80,28,6,2,4,102,78,24,97,69,28,13,4,9,84,65,19
"Italy","2007",-63,-53,-10,-2,0,-2,-61,-53,-8,115,86,29,21,9,12,94,77,17,178,139,39,23,9,14,155,130,25
"Italy","2008",-17,-28,11,-1,-2,1,-16,-26,10,60,32,28,10,3,7,50,29,21,77,60,17,11,5,6,66,55,11
"Italy","2009",-56,-49,-7,-3,0,-3,-53,-49,-4,66,39,27,9,4,5,57,35,22,122,88,34,12,4,8,110,84,26
"Italy","2010",22,24,-2,-3,4,-7,25,20,5,70,50,20,9,5,4,61,45,16,48,26,22,12,1,11,36,25,11
"Italy","2011",-21,-23,2,-3,-3,0,-18,-20,2,41,17,24,5,1,4,36,16,20,62,40,22,8,4,4,54,36,18
"Italy","2012",2,-2,4,-5,-2,-3,7,0,7,51,25,26,7,4,3,44,21,23,49,27,22,12,6,6,37,21,16
"Italy","2013",1,-1,2,-14,-7,-7,15,6,9,72,38,34,10,2,8,62,36,26,71,39,32,24,9,15,47,30,17
"Italy","2014",44,22,22,10,1,9,34,21,13,83,46,37,13,3,10,70,43,27,39,24,15,3,2,1,36,22,14
"Italy","2015",66,33,33,8,2,6,58,31,27,105,56,49,18,7,11,87,49,38,39,23,16,10,5,5,29,18,11
"Italy","2016",43,30,13,-2,1,-3,45,29,16,106,61,45,9,4,5,97,57,40,63,31,32,11,3,8,52,28,24
"Italy","2017",81,51,30,0,1,-1,81,50,31,151,90,61,10,7,3,141,83,58,70,39,31,10,6,4,60,33,27
"Italy","2018",62,48,14,0,2,-2,62,46,16,136,83,53,7,5,2,129,78,51,74,35,39,7,3,4,67,32,35
"Italy","2019",83,33,50,1,-1,2,82,34,48,122,55,67,7,3,4,115,52,63,39,22,17,6,4,2,33,18,15
"Jersey","2004",0,0,0,0,0,0,0,0,0,0,0,0,0,0,0,0,0,0,0,0,0,0,0,0,0,0,0
"Jersey","2005",0,0,0,0,0,0,0,0,0,0,0,0,0,0,0,0,0,0,0,0,0,0,0,0,0,0,0
"Jersey","2006",0,0,0,0,0,0,0,0,0,0,0,0,0,0,0,0,0,0,0,0,0,0,0,0,0,0,0
"Jersey","2007",0,0,0,0,0,0,0,0,0,0,0,0,0,0,0,0,0,0,0,0,0,0,0,0,0,0,0
"Jersey","2008",0,0,0,0,0,0,0,0,0,0,0,0,0,0,0,0,0,0,0,0,0,0,0,0,0,0,0
"Jersey","2009",-1,0,-1,-1,0,-1,0,0,0,0,0,0,0,0,0,0,0,0,1,0,1,1,0,1,0,0,0
"Jersey","2010",0,0,0,0,0,0,0,0,0,0,0,0,0,0,0,0,0,0,0,0,0,0,0,0,0,0,0
"Jersey","2011",0,0,0,0,0,0,0,0,0,0,0,0,0,0,0,0,0,0,0,0,0,0,0,0,0,0,0
"Jersey","2012",0,0,0,0,0,0,0,0,0,0,0,0,0,0,0,0,0,0,0,0,0,0,0,0,0,0,0
"Jersey","2013",0,0,0,0,0,0,0,0,0,0,0,0,0,0,0,0,0,0,0,0,0,0,0,0,0,0,0
"Jersey","2014",0,0,0,0,0,0,0,0,0,0,0,0,0,0,0,0,0,0,0,0,0,0,0,0,0,0,0
"Jersey","2015",0,0,0,0,0,0,0,0,0,0,0,0,0,0,0,0,0,0,0,0,0,0,0,0,0,0,0
"Jersey","2016",-1,-1,0,-1,-1,0,0,0,0,0,0,0,0,0,0,0,0,0,1,1,0,1,1,0,0,0,0
"Jersey","2017",1,0,1,1,0,1,0,0,0,1,0,1,1,0,1,0,0,0,0,0,0,0,0,0,0,0,0
"Jersey","2018",1,1,0,0,0,0,1,1,0,1,1,0,0,0,0,1,1,0,0,0,0,0,0,0,0,0,0
"Jersey","2019",1,1,0,1,1,0,0,0,0,1,1,0,1,1,0,0,0,0,0,0,0,0,0,0,0,0,0
"Jamaica","2004",3,1,2,0,0,0,3,1,2,3,1,2,0,0,0,3,1,2,0,0,0,0,0,0,0,0,0
"Jamaica","2005",0,0,0,0,0,0,0,0,0,0,0,0,0,0,0,0,0,0,0,0,0,0,0,0,0,0,0
"Jamaica","2006",0,0,0,0,0,0,0,0,0,0,0,0,0,0,0,0,0,0,0,0,0,0,0,0,0,0,0
"Jamaica","2007",0,-1,1,-1,-1,0,1,0,1,1,0,1,0,0,0,1,0,1,1,1,0,1,1,0,0,0,0
"Jamaica","2008",0,0,0,0,0,0,0,0,0,1,0,1,0,0,0,1,0,1,1,0,1,0,0,0,1,0,1
"Jamaica","2009",0,0,0,0,0,0,0,0,0,1,0,1,0,0,0,1,0,1,1,0,1,0,0,0,1,0,1
"Jamaica","2010",-5,-2,-3,-6,-3,-3,1,1,0,2,2,0,1,1,0,1,1,0,7,4,3,7,4,3,0,0,0
"Jamaica","2011",6,3,3,5,3,2,1,0,1,6,3,3,5,3,2,1,0,1,0,0,0,0,0,0,0,0,0
"Jamaica","2012",3,1,2,2,1,1,1,0,1,3,1,2,2,1,1,1,0,1,0,0,0,0,0,0,0,0,0
"Jamaica","2013",0,0,0,0,0,0,0,0,0,0,0,0,0,0,0,0,0,0,0,0,0,0,0,0,0,0,0
"Jamaica","2014",0,0,0,0,0,0,0,0,0,2,0,2,0,0,0,2,0,2,2,0,2,0,0,0,2,0,2
"Jamaica","2015",1,0,1,0,0,0,1,0,1,2,0,2,0,0,0,2,0,2,1,0,1,0,0,0,1,0,1
"Jamaica","2016",-1,-1,0,0,0,0,-1,-1,0,1,0,1,0,0,0,1,0,1,2,1,1,0,0,0,2,1,1
"Jamaica","2017",1,2,-1,0,0,0,1,2,-1,3,2,1,0,0,0,3,2,1,2,0,2,0,0,0,2,0,2
"Jamaica","2018",-1,-1,0,0,0,0,-1,-1,0,1,1,0,0,0,0,1,1,0,2,2,0,0,0,0,2,2,0
"Jamaica","2019",1,0,1,0,0,0,1,0,1,1,0,1,0,0,0,1,0,1,0,0,0,0,0,0,0,0,0
"Jordan","2004",0,0,0,0,0,0,0,0,0,0,0,0,0,0,0,0,0,0,0,0,0,0,0,0,0,0,0
"Jordan","2005",0,0,0,0,0,0,0,0,0,0,0,0,0,0,0,0,0,0,0,0,0,0,0,0,0,0,0
"Jordan","2006",-1,-1,0,0,0,0,-1,-1,0,0,0,0,0,0,0,0,0,0,1,1,0,0,0,0,1,1,0
"Jordan","2007",1,1,0,-1,-1,0,2,2,0,2,2,0,0,0,0,2,2,0,1,1,0,1,1,0,0,0,0
"Jordan","2008",0,-1,1,1,0,1,-1,-1,0,2,1,1,1,0,1,1,1,0,2,2,0,0,0,0,2,2,0
"Jordan","2009",0,0,0,0,0,0,0,0,0,0,0,0,0,0,0,0,0,0,0,0,0,0,0,0,0,0,0
"Jordan","2010",1,0,1,0,0,0,1,0,1,1,0,1,0,0,0,1,0,1,0,0,0,0,0,0,0,0,0
"Jordan","2011",-1,0,-1,-1,0,-1,0,0,0,0,0,0,0,0,0,0,0,0,1,0,1,1,0,1,0,0,0
"Jordan","2012",1,1,0,0,0,0,1,1,0,1,1,0,0,0,0,1,1,0,0,0,0,0,0,0,0,0,0
"Jordan","2013",1,0,1,0,0,0,1,0,1,2,0,2,0,0,0,2,0,2,1,0,1,0,0,0,1,0,1
"Jordan","2014",-1,0,-1,0,0,0,-1,0,-1,0,0,0,0,0,0,0,0,0,1,0,1,0,0,0,1,0,1
"Jordan","2015",0,0,0,0,0,0,0,0,0,0,0,0,0,0,0,0,0,0,0,0,0,0,0,0,0,0,0
"Jordan","2016",-1,0,-1,-1,0,-1,0,0,0,2,1,1,0,0,0,2,1,1,3,1,2,1,0,1,2,1,1
"Jordan","2017",1,0,1,1,0,1,0,0,0,3,1,2,1,0,1,2,1,1,2,1,1,0,0,0,2,1,1
"Jordan","2018",0,-1,1,-1,-1,0,1,0,1,1,0,1,0,0,0,1,0,1,1,1,0,1,1,0,0,0,0
"Jordan","2019",1,1,0,-1,-1,0,2,2,0,3,2,1,0,0,0,3,2,1,2,1,1,1,1,0,1,0,1
"Japan","2004",10,2,8,0,1,-1,10,1,9,12,2,10,1,1,0,11,1,10,2,0,2,1,0,1,1,0,1
"Japan","2005",0,1,-1,-1,-1,0,1,2,-1,7,4,3,1,1,0,6,3,3,7,3,4,2,2,0,5,1,4
"Japan","2006",4,1,3,2,1,1,2,0,2,9,3,6,2,1,1,7,2,5,5,2,3,0,0,0,5,2,3
"Japan","2007",8,4,4,1,2,-1,7,2,5,12,6,6,3,3,0,9,3,6,4,2,2,2,1,1,2,1,1
"Japan","2008",-2,-1,-1,-5,-2,-3,3,1,2,17,5,12,0,0,0,17,5,12,19,6,13,5,2,3,14,4,10
"Japan","2009",-2,-1,-1,-4,-2,-2,2,1,1,18,6,12,1,0,1,17,6,11,20,7,13,5,2,3,15,5,10
"Japan","2010",-8,-4,-4,-12,-6,-6,4,2,2,12,4,8,0,0,0,12,4,8,20,8,12,12,6,6,8,2,6
"Japan","2011",13,11,2,3,3,0,10,8,2,25,14,11,8,5,3,17,9,8,12,3,9,5,2,3,7,1,6
"Japan","2012",3,-3,6,0,-1,1,3,-2,5,30,12,18,7,4,3,23,8,15,27,15,12,7,5,2,20,10,10
"Japan","2013",0,-3,3,2,0,2,-2,-3,1,24,7,17,7,3,4,17,4,13,24,10,14,5,3,2,19,7,12
"Japan","2014",13,8,5,0,1,-1,13,7,6,34,14,20,4,3,1,30,11,19,21,6,15,4,2,2,17,4,13
"Japan","2015",2,1,1,0,-1,1,2,2,0,28,11,17,4,1,3,24,10,14,26,10,16,4,2,2,22,8,14
"Japan","2016",1,-2,3,4,-1,5,-3,-1,-2,25,10,15,8,2,6,17,8,9,24,12,12,4,3,1,20,9,11
"Japan","2017",17,12,5,4,4,0,13,8,5,34,23,11,9,7,2,25,16,9,17,11,6,5,3,2,12,8,4
"Japan","2018",-7,-14,7,-2,-2,0,-5,-12,7,18,4,14,0,0,0,18,4,14,25,18,7,2,2,0,23,16,7
"Japan","2019",-2,-4,2,-7,-7,0,5,3,2,25,9,16,0,0,0,25,9,16,27,13,14,7,7,0,20,6,14
"Kenya","2004",1,0,1,0,0,0,1,0,1,4,2,2,0,0,0,4,2,2,3,2,1,0,0,0,3,2,1
"Kenya","2005",5,2,3,0,0,0,5,2,3,9,5,4,0,0,0,9,5,4,4,3,1,0,0,0,4,3,1
"Kenya","2006",2,1,1,0,0,0,2,1,1,5,4,1,0,0,0,5,4,1,3,3,0,0,0,0,3,3,0
"Kenya","2007",11,6,5,0,0,0,11,6,5,11,6,5,0,0,0,11,6,5,0,0,0,0,0,0,0,0,0
"Kenya","2008",-2,-5,3,0,0,0,-2,-5,3,9,3,6,0,0,0,9,3,6,11,8,3,0,0,0,11,8,3
"Kenya","2009",0,-1,1,-1,0,-1,1,-1,2,5,2,3,0,0,0,5,2,3,5,3,2,1,0,1,4,3,1
"Kenya","2010",4,0,4,-1,0,-1,5,0,5,16,8,8,0,0,0,16,8,8,12,8,4,1,0,1,11,8,3
"Kenya","2011",9,5,4,0,0,0,9,5,4,17,12,5,0,0,0,17,12,5,8,7,1,0,0,0,8,7,1
"Kenya","2012",22,14,8,1,0,1,21,14,7,24,15,9,1,0,1,23,15,8,2,1,1,0,0,0,2,1,1
"Kenya","2013",18,10,8,-2,-1,-1,20,11,9,23,13,10,0,0,0,23,13,10,5,3,2,2,1,1,3,2,1
"Kenya","2014",-21,-14,-7,-3,0,-3,-18,-14,-4,24,15,9,0,0,0,24,15,9,45,29,16,3,0,3,42,29,13
"Kenya","2015",5,-1,6,0,0,0,5,-1,6,19,8,11,0,0,0,19,8,11,14,9,5,0,0,0,14,9,5
"Kenya","2016",4,-1,5,2,1,1,2,-2,4,21,11,10,2,1,1,19,10,9,17,12,5,0,0,0,17,12,5
"Kenya","2017",-2,-3,1,0,0,0,-2,-3,1,16,8,8,0,0,0,16,8,8,18,11,7,0,0,0,18,11,7
"Kenya","2018",9,0,9,3,0,3,6,0,6,17,6,11,3,0,3,14,6,8,8,6,2,0,0,0,8,6,2
"Kenya","2019",11,3,8,0,0,0,11,3,8,20,6,14,0,0,0,20,6,14,9,3,6,0,0,0,9,3,6
"Kyrgyzstan","2004",0,0,0,0,0,0,0,0,0,0,0,0,0,0,0,0,0,0,0,0,0,0,0,0,0,0,0
"Kyrgyzstan","2005",0,0,0,0,0,0,0,0,0,0,0,0,0,0,0,0,0,0,0,0,0,0,0,0,0,0,0
"Kyrgyzstan","2006",0,0,0,0,0,0,0,0,0,0,0,0,0,0,0,0,0,0,0,0,0,0,0,0,0,0,0
"Kyrgyzstan","2007",0,0,0,0,0,0,0,0,0,0,0,0,0,0,0,0,0,0,0,0,0,0,0,0,0,0,0
"Kyrgyzstan","2008",1,0,1,0,0,0,1,0,1,1,0,1,0,0,0,1,0,1,0,0,0,0,0,0,0,0,0
"Kyrgyzstan","2009",0,0,0,0,0,0,0,0,0,0,0,0,0,0,0,0,0,0,0,0,0,0,0,0,0,0,0
"Kyrgyzstan","2010",0,0,0,0,0,0,0,0,0,1,0,1,0,0,0,1,0,1,1,0,1,0,0,0,1,0,1
"Kyrgyzstan","2011",0,0,0,0,0,0,0,0,0,0,0,0,0,0,0,0,0,0,0,0,0,0,0,0,0,0,0
"Kyrgyzstan","2012",0,0,0,0,0,0,0,0,0,0,0,0,0,0,0,0,0,0,0,0,0,0,0,0,0,0,0
"Kyrgyzstan","2013",0,0,0,0,0,0,0,0,0,2,1,1,0,0,0,2,1,1,2,1,1,0,0,0,2,1,1
"Kyrgyzstan","2014",0,0,0,0,0,0,0,0,0,0,0,0,0,0,0,0,0,0,0,0,0,0,0,0,0,0,0
"Kyrgyzstan","2015",0,0,0,0,0,0,0,0,0,2,0,2,0,0,0,2,0,2,2,0,2,0,0,0,2,0,2
"Kyrgyzstan","2016",0,0,0,0,0,0,0,0,0,1,1,0,0,0,0,1,1,0,1,1,0,0,0,0,1,1,0
"Kyrgyzstan","2017",0,0,0,0,0,0,0,0,0,0,0,0,0,0,0,0,0,0,0,0,0,0,0,0,0,0,0
"Kyrgyzstan","2018",1,1,0,0,0,0,1,1,0,2,2,0,0,0,0,2,2,0,1,1,0,0,0,0,1,1,0
"Kyrgyzstan","2019",0,0,0,0,0,0,0,0,0,1,1,0,0,0,0,1,1,0,1,1,0,0,0,0,1,1,0
"Cambodia","2004",-1,-1,0,-1,-1,0,0,0,0,0,0,0,0,0,0,0,0,0,1,1,0,1,1,0,0,0,0
"Cambodia","2005",0,0,0,0,0,0,0,0,0,0,0,0,0,0,0,0,0,0,0,0,0,0,0,0,0,0,0
"Cambodia","2006",1,1,0,1,1,0,0,0,0,1,1,0,1,1,0,0,0,0,0,0,0,0,0,0,0,0,0
"Cambodia","2007",1,1,0,0,0,0,1,1,0,1,1,0,0,0,0,1,1,0,0,0,0,0,0,0,0,0,0
"Cambodia","2008",-1,-1,0,0,0,0,-1,-1,0,0,0,0,0,0,0,0,0,0,1,1,0,0,0,0,1,1,0
"Cambodia","2009",0,0,0,0,0,0,0,0,0,0,0,0,0,0,0,0,0,0,0,0,0,0,0,0,0,0,0
"Cambodia","2010",0,0,0,0,0,0,0,0,0,0,0,0,0,0,0,0,0,0,0,0,0,0,0,0,0,0,0
"Cambodia","2011",-3,-2,-1,-3,-2,-1,0,0,0,0,0,0,0,0,0,0,0,0,3,2,1,3,2,1,0,0,0
"Cambodia","2012",-1,-1,0,-1,-1,0,0,0,0,0,0,0,0,0,0,0,0,0,1,1,0,1,1,0,0,0,0
"Cambodia","2013",0,0,0,0,0,0,0,0,0,0,0,0,0,0,0,0,0,0,0,0,0,0,0,0,0,0,0
"Cambodia","2014",0,0,0,0,0,0,0,0,0,0,0,0,0,0,0,0,0,0,0,0,0,0,0,0,0,0,0
"Cambodia","2015",0,0,0,0,0,0,0,0,0,0,0,0,0,0,0,0,0,0,0,0,0,0,0,0,0,0,0
"Cambodia","2016",0,0,0,0,0,0,0,0,0,0,0,0,0,0,0,0,0,0,0,0,0,0,0,0,0,0,0
"Cambodia","2017",0,0,0,0,0,0,0,0,0,0,0,0,0,0,0,0,0,0,0,0,0,0,0,0,0,0,0
"Cambodia","2018",-1,1,-2,1,1,0,-2,0,-2,2,1,1,1,1,0,1,0,1,3,0,3,0,0,0,3,0,3
"Cambodia","2019",0,0,0,0,0,0,0,0,0,0,0,0,0,0,0,0,0,0,0,0,0,0,0,0,0,0,0
"Comoros","2004",0,0,0,0,0,0,0,0,0,0,0,0,0,0,0,0,0,0,0,0,0,0,0,0,0,0,0
"Comoros","2005",0,0,0,0,0,0,0,0,0,0,0,0,0,0,0,0,0,0,0,0,0,0,0,0,0,0,0
"Comoros","2006",0,0,0,0,0,0,0,0,0,0,0,0,0,0,0,0,0,0,0,0,0,0,0,0,0,0,0
"Comoros","2007",0,0,0,0,0,0,0,0,0,0,0,0,0,0,0,0,0,0,0,0,0,0,0,0,0,0,0
"Comoros","2008",0,0,0,0,0,0,0,0,0,0,0,0,0,0,0,0,0,0,0,0,0,0,0,0,0,0,0
"Comoros","2009",0,0,0,0,0,0,0,0,0,0,0,0,0,0,0,0,0,0,0,0,0,0,0,0,0,0,0
"Comoros","2010",0,0,0,0,0,0,0,0,0,1,1,0,0,0,0,1,1,0,1,1,0,0,0,0,1,1,0
"Comoros","2011",0,0,0,0,0,0,0,0,0,0,0,0,0,0,0,0,0,0,0,0,0,0,0,0,0,0,0
"Comoros","2012",0,0,0,0,0,0,0,0,0,0,0,0,0,0,0,0,0,0,0,0,0,0,0,0,0,0,0
"Comoros","2013",1,1,0,0,0,0,1,1,0,1,1,0,0,0,0,1,1,0,0,0,0,0,0,0,0,0,0
"Comoros","2014",0,0,0,0,0,0,0,0,0,0,0,0,0,0,0,0,0,0,0,0,0,0,0,0,0,0,0
"Comoros","2015",0,0,0,0,0,0,0,0,0,1,1,0,0,0,0,1,1,0,1,1,0,0,0,0,1,1,0
"Comoros","2016",0,0,0,0,0,0,0,0,0,0,0,0,0,0,0,0,0,0,0,0,0,0,0,0,0,0,0
"Comoros","2017",0,0,0,0,0,0,0,0,0,0,0,0,0,0,0,0,0,0,0,0,0,0,0,0,0,0,0
"Comoros","2018",0,0,0,0,0,0,0,0,0,0,0,0,0,0,0,0,0,0,0,0,0,0,0,0,0,0,0
"Comoros","2019",0,0,0,0,0,0,0,0,0,0,0,0,0,0,0,0,0,0,0,0,0,0,0,0,0,0,0
"Saint Kitts and Nevis","2004",0,0,0,0,0,0,0,0,0,0,0,0,0,0,0,0,0,0,0,0,0,0,0,0,0,0,0
"Saint Kitts and Nevis","2005",0,0,0,0,0,0,0,0,0,0,0,0,0,0,0,0,0,0,0,0,0,0,0,0,0,0,0
"Saint Kitts and Nevis","2006",0,0,0,0,0,0,0,0,0,0,0,0,0,0,0,0,0,0,0,0,0,0,0,0,0,0,0
"Saint Kitts and Nevis","2007",0,0,0,0,0,0,0,0,0,0,0,0,0,0,0,0,0,0,0,0,0,0,0,0,0,0,0
"Saint Kitts and Nevis","2008",0,0,0,0,0,0,0,0,0,0,0,0,0,0,0,0,0,0,0,0,0,0,0,0,0,0,0
"Saint Kitts and Nevis","2009",0,0,0,0,0,0,0,0,0,0,0,0,0,0,0,0,0,0,0,0,0,0,0,0,0,0,0
"Saint Kitts and Nevis","2010",0,0,0,0,0,0,0,0,0,1,0,1,0,0,0,1,0,1,1,0,1,0,0,0,1,0,1
"Saint Kitts and Nevis","2011",0,0,0,0,0,0,0,0,0,0,0,0,0,0,0,0,0,0,0,0,0,0,0,0,0,0,0
"Saint Kitts and Nevis","2012",1,1,0,0,0,0,1,1,0,1,1,0,0,0,0,1,1,0,0,0,0,0,0,0,0,0,0
"Saint Kitts and Nevis","2013",0,0,0,0,0,0,0,0,0,0,0,0,0,0,0,0,0,0,0,0,0,0,0,0,0,0,0
"Saint Kitts and Nevis","2014",-1,-1,0,0,0,0,-1,-1,0,0,0,0,0,0,0,0,0,0,1,1,0,0,0,0,1,1,0
"Saint Kitts and Nevis","2015",0,0,0,0,0,0,0,0,0,0,0,0,0,0,0,0,0,0,0,0,0,0,0,0,0,0,0
"Saint Kitts and Nevis","2016",0,0,0,0,0,0,0,0,0,0,0,0,0,0,0,0,0,0,0,0,0,0,0,0,0,0,0
"Saint Kitts and Nevis","2017",0,0,0,0,0,0,0,0,0,0,0,0,0,0,0,0,0,0,0,0,0,0,0,0,0,0,0
"Saint Kitts and Nevis","2018",0,0,0,0,0,0,0,0,0,1,0,1,0,0,0,1,0,1,1,0,1,0,0,0,1,0,1
"Saint Kitts and Nevis","2019",0,0,0,0,0,0,0,0,0,0,0,0,0,0,0,0,0,0,0,0,0,0,0,0,0,0,0
"Korea, North-","2004",0,0,0,0,0,0,0,0,0,0,0,0,0,0,0,0,0,0,0,0,0,0,0,0,0,0,0
"Korea, North-","2005",0,0,0,0,0,0,0,0,0,0,0,0,0,0,0,0,0,0,0,0,0,0,0,0,0,0,0
"Korea, North-","2006",0,0,0,0,0,0,0,0,0,0,0,0,0,0,0,0,0,0,0,0,0,0,0,0,0,0,0
"Korea, North-","2007",0,0,0,0,0,0,0,0,0,0,0,0,0,0,0,0,0,0,0,0,0,0,0,0,0,0,0
"Korea, North-","2008",0,0,0,0,0,0,0,0,0,0,0,0,0,0,0,0,0,0,0,0,0,0,0,0,0,0,0
"Korea, North-","2009",2,2,0,0,0,0,2,2,0,2,2,0,0,0,0,2,2,0,0,0,0,0,0,0,0,0,0
"Korea, North-","2010",-2,-2,0,0,0,0,-2,-2,0,0,0,0,0,0,0,0,0,0,2,2,0,0,0,0,2,2,0
"Korea, North-","2011",0,0,0,0,0,0,0,0,0,0,0,0,0,0,0,0,0,0,0,0,0,0,0,0,0,0,0
"Korea, North-","2012",0,0,0,0,0,0,0,0,0,0,0,0,0,0,0,0,0,0,0,0,0,0,0,0,0,0,0
"Korea, North-","2013",0,0,0,0,0,0,0,0,0,0,0,0,0,0,0,0,0,0,0,0,0,0,0,0,0,0,0
"Korea, North-","2014",0,0,0,0,0,0,0,0,0,0,0,0,0,0,0,0,0,0,0,0,0,0,0,0,0,0,0
"Korea, North-","2015",0,0,0,0,0,0,0,0,0,0,0,0,0,0,0,0,0,0,0,0,0,0,0,0,0,0,0
"Korea, North-","2016",0,0,0,0,0,0,0,0,0,0,0,0,0,0,0,0,0,0,0,0,0,0,0,0,0,0,0
"Korea, North-","2017",0,0,0,0,0,0,0,0,0,0,0,0,0,0,0,0,0,0,0,0,0,0,0,0,0,0,0
"Korea, North-","2018",0,0,0,0,0,0,0,0,0,0,0,0,0,0,0,0,0,0,0,0,0,0,0,0,0,0,0
"Korea, North-","2019",0,0,0,0,0,0,0,0,0,0,0,0,0,0,0,0,0,0,0,0,0,0,0,0,0,0,0
"Korea, South-","2004",0,0,0,0,0,0,0,0,0,0,0,0,0,0,0,0,0,0,0,0,0,0,0,0,0,0,0
"Korea, South-","2005",0,0,0,0,0,0,0,0,0,0,0,0,0,0,0,0,0,0,0,0,0,0,0,0,0,0,0
"Korea, South-","2006",0,0,0,0,0,0,0,0,0,0,0,0,0,0,0,0,0,0,0,0,0,0,0,0,0,0,0
"Korea, South-","2007",1,0,1,0,0,0,1,0,1,1,0,1,0,0,0,1,0,1,0,0,0,0,0,0,0,0,0
"Korea, South-","2008",2,1,1,0,0,0,2,1,1,2,1,1,0,0,0,2,1,1,0,0,0,0,0,0,0,0,0
"Korea, South-","2009",1,1,0,0,0,0,1,1,0,2,1,1,0,0,0,2,1,1,1,0,1,0,0,0,1,0,1
"Korea, South-","2010",-1,-2,1,-3,-2,-1,2,0,2,7,3,4,0,0,0,7,3,4,8,5,3,3,2,1,5,3,2
"Korea, South-","2011",6,0,6,1,0,1,5,0,5,11,2,9,1,0,1,10,2,8,5,2,3,0,0,0,5,2,3
"Korea, South-","2012",1,0,1,0,0,0,1,0,1,2,1,1,1,1,0,1,0,1,1,1,0,1,1,0,0,0,0
"Korea, South-","2013",-3,-1,-2,0,0,0,-3,-1,-2,7,2,5,0,0,0,7,2,5,10,3,7,0,0,0,10,3,7
"Korea, South-","2014",4,1,3,2,1,1,2,0,2,8,3,5,2,1,1,6,2,4,4,2,2,0,0,0,4,2,2
"Korea, South-","2015",1,1,0,1,1,0,0,0,0,4,2,2,1,1,0,3,1,2,3,1,2,0,0,0,3,1,2
"Korea, South-","2016",3,2,1,1,1,0,2,1,1,7,3,4,1,1,0,6,2,4,4,1,3,0,0,0,4,1,3
"Korea, South-","2017",3,0,3,0,0,0,3,0,3,7,2,5,3,2,1,4,0,4,4,2,2,3,2,1,1,0,1
"Korea, South-","2018",1,1,0,-1,-1,0,2,2,0,5,3,2,0,0,0,5,3,2,4,2,2,1,1,0,3,1,2
"Korea, South-","2019",-1,-1,0,0,0,0,-1,-1,0,4,2,2,0,0,0,4,2,2,5,3,2,0,0,0,5,3,2
"Kuwait","2004",0,0,0,0,0,0,0,0,0,0,0,0,0,0,0,0,0,0,0,0,0,0,0,0,0,0,0
"Kuwait","2005",1,1,0,1,1,0,0,0,0,1,1,0,1,1,0,0,0,0,0,0,0,0,0,0,0,0,0
"Kuwait","2006",0,0,0,0,0,0,0,0,0,0,0,0,0,0,0,0,0,0,0,0,0,0,0,0,0,0,0
"Kuwait","2007",0,0,0,0,0,0,0,0,0,0,0,0,0,0,0,0,0,0,0,0,0,0,0,0,0,0,0
"Kuwait","2008",0,0,0,0,0,0,0,0,0,0,0,0,0,0,0,0,0,0,0,0,0,0,0,0,0,0,0
"Kuwait","2009",0,0,0,0,0,0,0,0,0,0,0,0,0,0,0,0,0,0,0,0,0,0,0,0,0,0,0
"Kuwait","2010",0,0,0,0,0,0,0,0,0,0,0,0,0,0,0,0,0,0,0,0,0,0,0,0,0,0,0
"Kuwait","2011",0,0,0,0,0,0,0,0,0,0,0,0,0,0,0,0,0,0,0,0,0,0,0,0,0,0,0
"Kuwait","2012",0,0,0,0,0,0,0,0,0,0,0,0,0,0,0,0,0,0,0,0,0,0,0,0,0,0,0
"Kuwait","2013",1,1,0,1,1,0,0,0,0,1,1,0,1,1,0,0,0,0,0,0,0,0,0,0,0,0,0
"Kuwait","2014",-1,-1,0,-1,-1,0,0,0,0,0,0,0,0,0,0,0,0,0,1,1,0,1,1,0,0,0,0
"Kuwait","2015",0,0,0,0,0,0,0,0,0,0,0,0,0,0,0,0,0,0,0,0,0,0,0,0,0,0,0
"Kuwait","2016",-2,-2,0,-2,-2,0,0,0,0,0,0,0,0,0,0,0,0,0,2,2,0,2,2,0,0,0,0
"Kuwait","2017",-2,-2,0,-2,-2,0,0,0,0,0,0,0,0,0,0,0,0,0,2,2,0,2,2,0,0,0,0
"Kuwait","2018",1,1,0,1,1,0,0,0,0,1,1,0,1,1,0,0,0,0,0,0,0,0,0,0,0,0,0
"Kuwait","2019",0,0,0,0,0,0,0,0,0,1,1,0,1,1,0,0,0,0,1,1,0,1,1,0,0,0,0
"Cayman Islands","2004",0,0,0,0,0,0,0,0,0,0,0,0,0,0,0,0,0,0,0,0,0,0,0,0,0,0,0
"Cayman Islands","2005",0,0,0,0,0,0,0,0,0,0,0,0,0,0,0,0,0,0,0,0,0,0,0,0,0,0,0
"Cayman Islands","2006",0,0,0,0,0,0,0,0,0,0,0,0,0,0,0,0,0,0,0,0,0,0,0,0,0,0,0
"Cayman Islands","2007",0,0,0,0,0,0,0,0,0,0,0,0,0,0,0,0,0,0,0,0,0,0,0,0,0,0,0
"Cayman Islands","2008",0,0,0,0,0,0,0,0,0,0,0,0,0,0,0,0,0,0,0,0,0,0,0,0,0,0,0
"Cayman Islands","2009",0,0,0,0,0,0,0,0,0,0,0,0,0,0,0,0,0,0,0,0,0,0,0,0,0,0,0
"Cayman Islands","2010",0,0,0,0,0,0,0,0,0,0,0,0,0,0,0,0,0,0,0,0,0,0,0,0,0,0,0
"Cayman Islands","2011",-1,-1,0,-1,-1,0,0,0,0,0,0,0,0,0,0,0,0,0,1,1,0,1,1,0,0,0,0
"Cayman Islands","2012",-1,-1,0,-1,-1,0,0,0,0,0,0,0,0,0,0,0,0,0,1,1,0,1,1,0,0,0,0
"Cayman Islands","2013",1,1,0,1,1,0,0,0,0,1,1,0,1,1,0,0,0,0,0,0,0,0,0,0,0,0,0
"Cayman Islands","2014",1,1,0,1,1,0,0,0,0,1,1,0,1,1,0,0,0,0,0,0,0,0,0,0,0,0,0
"Cayman Islands","2015",0,0,0,0,0,0,0,0,0,0,0,0,0,0,0,0,0,0,0,0,0,0,0,0,0,0,0
"Cayman Islands","2016",0,0,0,0,0,0,0,0,0,0,0,0,0,0,0,0,0,0,0,0,0,0,0,0,0,0,0
"Cayman Islands","2017",0,0,0,0,0,0,0,0,0,0,0,0,0,0,0,0,0,0,0,0,0,0,0,0,0,0,0
"Cayman Islands","2018",-1,-1,0,-1,-1,0,0,0,0,0,0,0,0,0,0,0,0,0,1,1,0,1,1,0,0,0,0
"Cayman Islands","2019",-1,-1,0,0,0,0,-1,-1,0,0,0,0,0,0,0,0,0,0,1,1,0,0,0,0,1,1,0
"Kazakhstan","2004",2,0,2,0,0,0,2,0,2,2,0,2,0,0,0,2,0,2,0,0,0,0,0,0,0,0,0
"Kazakhstan","2005",2,0,2,0,0,0,2,0,2,2,0,2,0,0,0,2,0,2,0,0,0,0,0,0,0,0,0
"Kazakhstan","2006",1,0,1,0,0,0,1,0,1,2,0,2,0,0,0,2,0,2,1,0,1,0,0,0,1,0,1
"Kazakhstan","2007",1,0,1,0,0,0,1,0,1,1,0,1,0,0,0,1,0,1,0,0,0,0,0,0,0,0,0
"Kazakhstan","2008",1,0,1,0,0,0,1,0,1,2,1,1,0,0,0,2,1,1,1,1,0,0,0,0,1,1,0
"Kazakhstan","2009",0,1,-1,0,0,0,0,1,-1,1,1,0,0,0,0,1,1,0,1,0,1,0,0,0,1,0,1
"Kazakhstan","2010",0,0,0,0,0,0,0,0,0,1,0,1,0,0,0,1,0,1,1,0,1,0,0,0,1,0,1
"Kazakhstan","2011",0,0,0,0,0,0,0,0,0,0,0,0,0,0,0,0,0,0,0,0,0,0,0,0,0,0,0
"Kazakhstan","2012",0,0,0,0,0,0,0,0,0,0,0,0,0,0,0,0,0,0,0,0,0,0,0,0,0,0,0
"Kazakhstan","2013",1,0,1,0,0,0,1,0,1,1,0,1,0,0,0,1,0,1,0,0,0,0,0,0,0,0,0
"Kazakhstan","2014",1,1,0,1,1,0,0,0,0,1,1,0,1,1,0,0,0,0,0,0,0,0,0,0,0,0,0
"Kazakhstan","2015",0,0,0,0,0,0,0,0,0,0,0,0,0,0,0,0,0,0,0,0,0,0,0,0,0,0,0
"Kazakhstan","2016",4,2,2,0,0,0,4,2,2,5,3,2,0,0,0,5,3,2,1,1,0,0,0,0,1,1,0
"Kazakhstan","2017",2,2,0,0,0,0,2,2,0,2,2,0,0,0,0,2,2,0,0,0,0,0,0,0,0,0,0
"Kazakhstan","2018",3,0,3,0,0,0,3,0,3,4,1,3,0,0,0,4,1,3,1,1,0,0,0,0,1,1,0
"Kazakhstan","2019",6,2,4,0,0,0,6,2,4,6,2,4,0,0,0,6,2,4,0,0,0,0,0,0,0,0,0
"Laos","2004",0,0,0,0,0,0,0,0,0,0,0,0,0,0,0,0,0,0,0,0,0,0,0,0,0,0,0
"Laos","2005",0,0,0,0,0,0,0,0,0,0,0,0,0,0,0,0,0,0,0,0,0,0,0,0,0,0,0
"Laos","2006",0,0,0,0,0,0,0,0,0,0,0,0,0,0,0,0,0,0,0,0,0,0,0,0,0,0,0
"Laos","2007",0,0,0,0,0,0,0,0,0,0,0,0,0,0,0,0,0,0,0,0,0,0,0,0,0,0,0
"Laos","2008",1,1,0,0,0,0,1,1,0,1,1,0,0,0,0,1,1,0,0,0,0,0,0,0,0,0,0
"Laos","2009",-1,-1,0,0,0,0,-1,-1,0,0,0,0,0,0,0,0,0,0,1,1,0,0,0,0,1,1,0
"Laos","2010",-1,-1,0,-1,-1,0,0,0,0,0,0,0,0,0,0,0,0,0,1,1,0,1,1,0,0,0,0
"Laos","2011",0,0,0,0,0,0,0,0,0,0,0,0,0,0,0,0,0,0,0,0,0,0,0,0,0,0,0
"Laos","2012",0,0,0,0,0,0,0,0,0,0,0,0,0,0,0,0,0,0,0,0,0,0,0,0,0,0,0
"Laos","2013",0,0,0,0,0,0,0,0,0,0,0,0,0,0,0,0,0,0,0,0,0,0,0,0,0,0,0
"Laos","2014",1,0,1,0,0,0,1,0,1,1,0,1,0,0,0,1,0,1,0,0,0,0,0,0,0,0,0
"Laos","2015",0,0,0,0,0,0,0,0,0,0,0,0,0,0,0,0,0,0,0,0,0,0,0,0,0,0,0
"Laos","2016",0,0,0,0,0,0,0,0,0,0,0,0,0,0,0,0,0,0,0,0,0,0,0,0,0,0,0
"Laos","2017",0,0,0,0,0,0,0,0,0,0,0,0,0,0,0,0,0,0,0,0,0,0,0,0,0,0,0
"Laos","2018",1,0,1,0,0,0,1,0,1,1,0,1,0,0,0,1,0,1,0,0,0,0,0,0,0,0,0
"Laos","2019",0,0,0,0,0,0,0,0,0,0,0,0,0,0,0,0,0,0,0,0,0,0,0,0,0,0,0
"Lebanon","2004",-6,-2,-4,-5,-2,-3,-1,0,-1,0,0,0,0,0,0,0,0,0,6,2,4,5,2,3,1,0,1
"Lebanon","2005",5,1,4,5,2,3,0,-1,1,6,2,4,5,2,3,1,0,1,1,1,0,0,0,0,1,1,0
"Lebanon","2006",4,1,3,2,0,2,2,1,1,4,1,3,2,0,2,2,1,1,0,0,0,0,0,0,0,0,0
"Lebanon","2007",1,1,0,0,0,0,1,1,0,1,1,0,0,0,0,1,1,0,0,0,0,0,0,0,0,0,0
"Lebanon","2008",4,1,3,0,0,0,4,1,3,4,1,3,0,0,0,4,1,3,0,0,0,0,0,0,0,0,0
"Lebanon","2009",0,0,0,0,0,0,0,0,0,2,0,2,0,0,0,2,0,2,2,0,2,0,0,0,2,0,2
"Lebanon","2010",-4,-1,-3,-4,-1,-3,0,0,0,0,0,0,0,0,0,0,0,0,4,1,3,4,1,3,0,0,0
"Lebanon","2011",0,0,0,0,0,0,0,0,0,0,0,0,0,0,0,0,0,0,0,0,0,0,0,0,0,0,0
"Lebanon","2012",0,-1,1,-1,-1,0,1,0,1,1,0,1,0,0,0,1,0,1,1,1,0,1,1,0,0,0,0
"Lebanon","2013",1,1,0,0,0,0,1,1,0,2,1,1,0,0,0,2,1,1,1,0,1,0,0,0,1,0,1
"Lebanon","2014",4,2,2,3,0,3,1,2,-1,5,2,3,3,0,3,2,2,0,1,0,1,0,0,0,1,0,1
"Lebanon","2015",3,2,1,1,1,0,2,1,1,3,2,1,1,1,0,2,1,1,0,0,0,0,0,0,0,0,0
"Lebanon","2016",0,0,0,0,0,0,0,0,0,1,1,0,0,0,0,1,1,0,1,1,0,0,0,0,1,1,0
"Lebanon","2017",4,2,2,0,0,0,4,2,2,4,2,2,0,0,0,4,2,2,0,0,0,0,0,0,0,0,0
"Lebanon","2018",3,3,0,2,2,0,1,1,0,3,3,0,2,2,0,1,1,0,0,0,0,0,0,0,0,0,0
"Lebanon","2019",0,0,0,0,0,0,0,0,0,1,1,0,0,0,0,1,1,0,1,1,0,0,0,0,1,1,0
"Saint Lucia","2004",0,0,0,0,0,0,0,0,0,0,0,0,0,0,0,0,0,0,0,0,0,0,0,0,0,0,0
"Saint Lucia","2005",0,0,0,0,0,0,0,0,0,0,0,0,0,0,0,0,0,0,0,0,0,0,0,0,0,0,0
"Saint Lucia","2006",0,0,0,0,0,0,0,0,0,0,0,0,0,0,0,0,0,0,0,0,0,0,0,0,0,0,0
"Saint Lucia","2007",0,0,0,0,0,0,0,0,0,0,0,0,0,0,0,0,0,0,0,0,0,0,0,0,0,0,0
"Saint Lucia","2008",0,0,0,0,0,0,0,0,0,0,0,0,0,0,0,0,0,0,0,0,0,0,0,0,0,0,0
"Saint Lucia","2009",0,0,0,0,0,0,0,0,0,0,0,0,0,0,0,0,0,0,0,0,0,0,0,0,0,0,0
"Saint Lucia","2010",0,0,0,0,0,0,0,0,0,0,0,0,0,0,0,0,0,0,0,0,0,0,0,0,0,0,0
"Saint Lucia","2011",0,0,0,0,0,0,0,0,0,0,0,0,0,0,0,0,0,0,0,0,0,0,0,0,0,0,0
"Saint Lucia","2012",0,0,0,0,0,0,0,0,0,0,0,0,0,0,0,0,0,0,0,0,0,0,0,0,0,0,0
"Saint Lucia","2013",0,0,0,0,0,0,0,0,0,0,0,0,0,0,0,0,0,0,0,0,0,0,0,0,0,0,0
"Saint Lucia","2014",0,0,0,0,0,0,0,0,0,0,0,0,0,0,0,0,0,0,0,0,0,0,0,0,0,0,0
"Saint Lucia","2015",0,0,0,0,0,0,0,0,0,0,0,0,0,0,0,0,0,0,0,0,0,0,0,0,0,0,0
"Saint Lucia","2016",0,0,0,0,0,0,0,0,0,0,0,0,0,0,0,0,0,0,0,0,0,0,0,0,0,0,0
"Saint Lucia","2017",1,0,1,0,0,0,1,0,1,1,0,1,0,0,0,1,0,1,0,0,0,0,0,0,0,0,0
"Saint Lucia","2018",-1,0,-1,0,0,0,-1,0,-1,1,0,1,0,0,0,1,0,1,2,0,2,0,0,0,2,0,2
"Saint Lucia","2019",0,1,-1,0,0,0,0,1,-1,2,1,1,0,0,0,2,1,1,2,0,2,0,0,0,2,0,2
"Liechtenstein","2004",0,0,0,0,0,0,0,0,0,0,0,0,0,0,0,0,0,0,0,0,0,0,0,0,0,0,0
"Liechtenstein","2005",0,0,0,0,0,0,0,0,0,0,0,0,0,0,0,0,0,0,0,0,0,0,0,0,0,0,0
"Liechtenstein","2006",0,0,0,0,0,0,0,0,0,0,0,0,0,0,0,0,0,0,0,0,0,0,0,0,0,0,0
"Liechtenstein","2007",0,0,0,0,0,0,0,0,0,0,0,0,0,0,0,0,0,0,0,0,0,0,0,0,0,0,0
"Liechtenstein","2008",0,0,0,0,0,0,0,0,0,0,0,0,0,0,0,0,0,0,0,0,0,0,0,0,0,0,0
"Liechtenstein","2009",0,0,0,0,0,0,0,0,0,0,0,0,0,0,0,0,0,0,0,0,0,0,0,0,0,0,0
"Liechtenstein","2010",0,0,0,0,0,0,0,0,0,0,0,0,0,0,0,0,0,0,0,0,0,0,0,0,0,0,0
"Liechtenstein","2011",0,0,0,0,0,0,0,0,0,0,0,0,0,0,0,0,0,0,0,0,0,0,0,0,0,0,0
"Liechtenstein","2012",0,0,0,0,0,0,0,0,0,0,0,0,0,0,0,0,0,0,0,0,0,0,0,0,0,0,0
"Liechtenstein","2013",1,1,0,0,0,0,1,1,0,1,1,0,0,0,0,1,1,0,0,0,0,0,0,0,0,0,0
"Liechtenstein","2014",-1,0,-1,-1,0,-1,0,0,0,0,0,0,0,0,0,0,0,0,1,0,1,1,0,1,0,0,0
"Liechtenstein","2015",0,0,0,0,0,0,0,0,0,0,0,0,0,0,0,0,0,0,0,0,0,0,0,0,0,0,0
"Liechtenstein","2016",1,0,1,0,0,0,1,0,1,1,0,1,0,0,0,1,0,1,0,0,0,0,0,0,0,0,0
"Liechtenstein","2017",1,0,1,0,0,0,1,0,1,1,0,1,0,0,0,1,0,1,0,0,0,0,0,0,0,0,0
"Liechtenstein","2018",0,0,0,0,0,0,0,0,0,0,0,0,0,0,0,0,0,0,0,0,0,0,0,0,0,0,0
"Liechtenstein","2019",0,0,0,0,0,0,0,0,0,0,0,0,0,0,0,0,0,0,0,0,0,0,0,0,0,0,0
"Sri Lanka","2004",3,3,0,-3,0,-3,6,3,3,6,3,3,0,0,0,6,3,3,3,0,3,3,0,3,0,0,0
"Sri Lanka","2005",5,3,2,0,0,0,5,3,2,5,3,2,0,0,0,5,3,2,0,0,0,0,0,0,0,0,0
"Sri Lanka","2006",11,3,8,-1,-1,0,12,4,8,12,4,8,0,0,0,12,4,8,1,1,0,1,1,0,0,0,0
"Sri Lanka","2007",17,9,8,4,0,4,13,9,4,21,11,10,5,1,4,16,10,6,4,2,2,1,1,0,3,1,2
"Sri Lanka","2008",0,2,-2,1,1,0,-1,1,-2,11,6,5,2,2,0,9,4,5,11,4,7,1,1,0,10,3,7
"Sri Lanka","2009",4,2,2,0,0,0,4,2,2,7,4,3,0,0,0,7,4,3,3,2,1,0,0,0,3,2,1
"Sri Lanka","2010",0,-2,2,0,0,0,0,-2,2,4,2,2,0,0,0,4,2,2,4,4,0,0,0,0,4,4,0
"Sri Lanka","2011",2,1,1,1,0,1,1,1,0,5,2,3,1,0,1,4,2,2,3,1,2,0,0,0,3,1,2
"Sri Lanka","2012",4,2,2,0,0,0,4,2,2,7,3,4,0,0,0,7,3,4,3,1,2,0,0,0,3,1,2
"Sri Lanka","2013",2,3,-1,-1,0,-1,3,3,0,7,4,3,0,0,0,7,4,3,5,1,4,1,0,1,4,1,3
"Sri Lanka","2014",-1,-1,0,0,0,0,-1,-1,0,6,3,3,0,0,0,6,3,3,7,4,3,0,0,0,7,4,3
"Sri Lanka","2015",4,2,2,0,0,0,4,2,2,10,4,6,0,0,0,10,4,6,6,2,4,0,0,0,6,2,4
"Sri Lanka","2016",0,1,-1,0,0,0,0,1,-1,3,1,2,0,0,0,3,1,2,3,0,3,0,0,0,3,0,3
"Sri Lanka","2017",3,1,2,0,0,0,3,1,2,5,2,3,0,0,0,5,2,3,2,1,1,0,0,0,2,1,1
"Sri Lanka","2018",4,3,1,0,0,0,4,3,1,4,3,1,0,0,0,4,3,1,0,0,0,0,0,0,0,0,0
"Sri Lanka","2019",3,-1,4,0,0,0,3,-1,4,5,1,4,0,0,0,5,1,4,2,2,0,0,0,0,2,2,0
"Liberia","2004",0,0,0,0,0,0,0,0,0,0,0,0,0,0,0,0,0,0,0,0,0,0,0,0,0,0,0
"Liberia","2005",0,0,0,0,0,0,0,0,0,0,0,0,0,0,0,0,0,0,0,0,0,0,0,0,0,0,0
"Liberia","2006",0,0,0,0,0,0,0,0,0,0,0,0,0,0,0,0,0,0,0,0,0,0,0,0,0,0,0
"Liberia","2007",0,0,0,0,0,0,0,0,0,0,0,0,0,0,0,0,0,0,0,0,0,0,0,0,0,0,0
"Liberia","2008",1,1,0,0,0,0,1,1,0,1,1,0,0,0,0,1,1,0,0,0,0,0,0,0,0,0,0
"Liberia","2009",-1,-1,0,0,0,0,-1,-1,0,0,0,0,0,0,0,0,0,0,1,1,0,0,0,0,1,1,0
"Liberia","2010",1,1,0,0,0,0,1,1,0,1,1,0,0,0,0,1,1,0,0,0,0,0,0,0,0,0,0
"Liberia","2011",1,0,1,0,0,0,1,0,1,1,0,1,0,0,0,1,0,1,0,0,0,0,0,0,0,0,0
"Liberia","2012",0,0,0,-1,-1,0,1,1,0,1,1,0,0,0,0,1,1,0,1,1,0,1,1,0,0,0,0
"Liberia","2013",-1,-1,0,-1,-1,0,0,0,0,1,1,0,1,1,0,0,0,0,2,2,0,2,2,0,0,0,0
"Liberia","2014",-2,-2,0,0,0,0,-2,-2,0,0,0,0,0,0,0,0,0,0,2,2,0,0,0,0,2,2,0
"Liberia","2015",0,0,0,0,0,0,0,0,0,0,0,0,0,0,0,0,0,0,0,0,0,0,0,0,0,0,0
"Liberia","2016",1,1,0,0,0,0,1,1,0,1,1,0,0,0,0,1,1,0,0,0,0,0,0,0,0,0,0
"Liberia","2017",4,3,1,2,2,0,2,1,1,4,3,1,2,2,0,2,1,1,0,0,0,0,0,0,0,0,0
"Liberia","2018",4,4,0,1,1,0,3,3,0,4,4,0,1,1,0,3,3,0,0,0,0,0,0,0,0,0,0
"Liberia","2019",-2,-3,1,0,0,0,-2,-3,1,3,1,2,0,0,0,3,1,2,5,4,1,0,0,0,5,4,1
"Lesotho","2004",0,0,0,0,0,0,0,0,0,0,0,0,0,0,0,0,0,0,0,0,0,0,0,0,0,0,0
"Lesotho","2005",4,4,0,0,0,0,4,4,0,4,4,0,0,0,0,4,4,0,0,0,0,0,0,0,0,0,0
"Lesotho","2006",0,0,0,0,0,0,0,0,0,0,0,0,0,0,0,0,0,0,0,0,0,0,0,0,0,0,0
"Lesotho","2007",-4,-4,0,0,0,0,-4,-4,0,0,0,0,0,0,0,0,0,0,4,4,0,0,0,0,4,4,0
"Lesotho","2008",0,0,0,0,0,0,0,0,0,0,0,0,0,0,0,0,0,0,0,0,0,0,0,0,0,0,0
"Lesotho","2009",0,0,0,0,0,0,0,0,0,0,0,0,0,0,0,0,0,0,0,0,0,0,0,0,0,0,0
"Lesotho","2010",0,0,0,0,0,0,0,0,0,0,0,0,0,0,0,0,0,0,0,0,0,0,0,0,0,0,0
"Lesotho","2011",0,0,0,0,0,0,0,0,0,0,0,0,0,0,0,0,0,0,0,0,0,0,0,0,0,0,0
"Lesotho","2012",0,0,0,0,0,0,0,0,0,0,0,0,0,0,0,0,0,0,0,0,0,0,0,0,0,0,0
"Lesotho","2013",0,0,0,0,0,0,0,0,0,0,0,0,0,0,0,0,0,0,0,0,0,0,0,0,0,0,0
"Lesotho","2014",0,0,0,0,0,0,0,0,0,0,0,0,0,0,0,0,0,0,0,0,0,0,0,0,0,0,0
"Lesotho","2015",0,0,0,0,0,0,0,0,0,0,0,0,0,0,0,0,0,0,0,0,0,0,0,0,0,0,0
"Lesotho","2016",0,0,0,0,0,0,0,0,0,2,0,2,0,0,0,2,0,2,2,0,2,0,0,0,2,0,2
"Lesotho","2017",0,0,0,0,0,0,0,0,0,2,1,1,0,0,0,2,1,1,2,1,1,0,0,0,2,1,1
"Lesotho","2018",0,0,0,0,0,0,0,0,0,2,1,1,0,0,0,2,1,1,2,1,1,0,0,0,2,1,1
"Lesotho","2019",0,0,0,0,0,0,0,0,0,3,1,2,0,0,0,3,1,2,3,1,2,0,0,0,3,1,2
"Lithuania","2004",42,20,22,-2,-2,0,44,22,22,64,36,28,0,0,0,64,36,28,22,16,6,2,2,0,20,14,6
"Lithuania","2005",178,114,64,-6,-3,-3,184,117,67,207,129,78,6,1,5,201,128,73,29,15,14,12,4,8,17,11,6
"Lithuania","2006",388,281,107,7,3,4,381,278,103,411,293,118,7,3,4,404,290,114,23,12,11,0,0,0,23,12,11
"Lithuania","2007",464,301,163,-2,-1,-1,466,302,164,577,388,189,2,2,0,575,386,189,113,87,26,4,3,1,109,84,25
"Lithuania","2008",202,80,122,0,0,0,202,80,122,428,254,174,2,2,0,426,252,174,226,174,52,2,2,0,224,172,52
"Lithuania","2009",-147,-141,-6,-5,-2,-3,-142,-139,-3,238,134,104,3,3,0,235,131,104,385,275,110,8,5,3,377,270,107
"Lithuania","2010",65,-4,69,-1,-2,1,66,-2,68,254,135,119,3,1,2,251,134,117,189,139,50,4,3,1,185,136,49
"Lithuania","2011",-13,-28,15,0,0,0,-13,-28,15,169,91,78,1,1,0,168,90,78,182,119,63,1,1,0,181,118,63
"Lithuania","2012",-26,-40,14,0,1,-1,-26,-41,15,141,74,67,2,2,0,139,72,67,167,114,53,2,1,1,165,113,52
"Lithuania","2013",44,13,31,-1,-1,0,45,14,31,158,83,75,1,1,0,157,82,75,114,70,44,2,2,0,112,68,44
"Lithuania","2014",38,12,26,-1,-1,0,39,13,26,170,94,76,0,0,0,170,94,76,132,82,50,1,1,0,131,81,50
"Lithuania","2015",132,110,22,1,1,0,131,109,22,259,178,81,1,1,0,258,177,81,127,68,59,0,0,0,127,68,59
"Lithuania","2016",471,411,60,3,1,2,468,410,58,658,529,129,7,3,4,651,526,125,187,118,69,4,2,2,183,116,67
"Lithuania","2017",1030,812,218,0,0,0,1030,812,218,1270,985,285,1,1,0,1269,984,285,240,173,67,1,1,0,239,172,67
"Lithuania","2018",692,472,220,-1,-1,0,693,473,220,1195,876,319,0,0,0,1195,876,319,503,404,99,1,1,0,502,403,99
"Lithuania","2019",457,304,153,-4,-3,-1,461,307,154,867,600,267,2,2,0,865,598,267,410,296,114,6,5,1,404,291,113
"Luxembourg","2004",-25,-11,-14,-23,-10,-13,-2,-1,-1,17,11,6,17,11,6,0,0,0,42,22,20,40,21,19,2,1,1
"Luxembourg","2005",-19,-16,-3,-19,-16,-3,0,0,0,36,16,20,36,16,20,0,0,0,55,32,23,55,32,23,0,0,0
"Luxembourg","2006",-18,-11,-7,-16,-10,-6,-2,-1,-1,41,21,20,40,20,20,1,1,0,59,32,27,56,30,26,3,2,1
"Luxembourg","2007",-9,2,-11,-10,1,-11,1,1,0,31,18,13,30,17,13,1,1,0,40,16,24,40,16,24,0,0,0
"Luxembourg","2008",-7,-6,-1,-10,-8,-2,3,2,1,28,16,12,25,14,11,3,2,1,35,22,13,35,22,13,0,0,0
"Luxembourg","2009",19,11,8,18,11,7,1,0,1,50,29,21,49,29,20,1,0,1,31,18,13,31,18,13,0,0,0
"Luxembourg","2010",13,5,8,13,5,8,0,0,0,47,23,24,45,23,22,2,0,2,34,18,16,32,18,14,2,0,2
"Luxembourg","2011",18,4,14,19,5,14,-1,-1,0,30,14,16,30,14,16,0,0,0,12,10,2,11,9,2,1,1,0
"Luxembourg","2012",2,4,-2,1,4,-3,1,0,1,23,12,11,21,11,10,2,1,1,21,8,13,20,7,13,1,1,0
"Luxembourg","2013",36,23,13,42,26,16,-6,-3,-3,59,32,27,56,31,25,3,1,2,23,9,14,14,5,9,9,4,5
"Luxembourg","2014",8,7,1,8,7,1,0,0,0,21,12,9,20,12,8,1,0,1,13,5,8,12,5,7,1,0,1
"Luxembourg","2015",30,17,13,29,16,13,1,1,0,47,26,21,45,25,20,2,1,1,17,9,8,16,9,7,1,0,1
"Luxembourg","2016",2,2,0,5,2,3,-3,0,-3,17,10,7,16,9,7,1,1,0,15,8,7,11,7,4,4,1,3
"Luxembourg","2017",13,8,5,11,7,4,2,1,1,20,11,9,17,9,8,3,2,1,7,3,4,6,2,4,1,1,0
"Luxembourg","2018",30,14,16,21,10,11,9,4,5,32,15,17,23,11,12,9,4,5,2,1,1,2,1,1,0,0,0
"Luxembourg","2019",17,8,9,14,5,9,3,3,0,24,12,12,18,8,10,6,4,2,7,4,3,4,3,1,3,1,2
"Latvia","2004",10,1,9,1,1,0,9,0,9,15,5,10,1,1,0,14,4,10,5,4,1,0,0,0,5,4,1
"Latvia","2005",80,61,19,0,1,-1,80,60,20,86,63,23,1,1,0,85,62,23,6,2,4,1,0,1,5,2,3
"Latvia","2006",158,119,39,-3,-3,0,161,122,39,178,134,44,1,1,0,177,133,44,20,15,5,4,4,0,16,11,5
"Latvia","2007",149,75,74,0,0,0,149,75,74,200,121,79,0,0,0,200,121,79,51,46,5,0,0,0,51,46,5
"Latvia","2008",153,82,71,-2,-2,0,155,84,71,256,162,94,3,3,0,253,159,94,103,80,23,5,5,0,98,75,23
"Latvia","2009",18,-30,48,0,0,0,18,-30,48,170,93,77,2,2,0,168,91,77,152,123,29,2,2,0,150,121,29
"Latvia","2010",21,-3,24,0,0,0,21,-3,24,111,48,63,0,0,0,111,48,63,90,51,39,0,0,0,90,51,39
"Latvia","2011",20,5,15,-2,-1,-1,22,6,16,96,49,47,2,1,1,94,48,46,76,44,32,4,2,2,72,42,30
"Latvia","2012",0,-12,12,-3,-1,-2,3,-11,14,66,34,32,2,2,0,64,32,32,66,46,20,5,3,2,61,43,18
"Latvia","2013",33,16,17,-2,-1,-1,35,17,18,91,45,46,0,0,0,91,45,46,58,29,29,2,1,1,56,28,28
"Latvia","2014",39,20,19,-1,0,-1,40,20,20,101,54,47,1,1,0,100,53,47,62,34,28,2,1,1,60,33,27
"Latvia","2015",74,47,27,0,-2,2,74,49,25,127,83,44,5,3,2,122,80,42,53,36,17,5,5,0,48,31,17
"Latvia","2016",82,63,19,1,2,-1,81,61,20,155,110,45,3,2,1,152,108,44,73,47,26,2,0,2,71,47,24
"Latvia","2017",518,421,97,0,0,0,518,421,97,586,465,121,0,0,0,586,465,121,68,44,24,0,0,0,68,44,24
"Latvia","2018",445,366,79,-2,-1,-1,447,367,80,583,470,113,0,0,0,583,470,113,138,104,34,2,1,1,136,103,33
"Latvia","2019",210,149,61,2,2,0,208,147,61,360,267,93,2,2,0,358,265,93,150,118,32,0,0,0,150,118,32
"Libya","2004",0,0,0,0,0,0,0,0,0,0,0,0,0,0,0,0,0,0,0,0,0,0,0,0,0,0,0
"Libya","2005",0,0,0,0,0,0,0,0,0,0,0,0,0,0,0,0,0,0,0,0,0,0,0,0,0,0,0
"Libya","2006",0,0,0,0,0,0,0,0,0,0,0,0,0,0,0,0,0,0,0,0,0,0,0,0,0,0,0
"Libya","2007",0,0,0,0,0,0,0,0,0,0,0,0,0,0,0,0,0,0,0,0,0,0,0,0,0,0,0
"Libya","2008",0,0,0,0,0,0,0,0,0,2,0,2,2,0,2,0,0,0,2,0,2,2,0,2,0,0,0
"Libya","2009",1,1,0,0,0,0,1,1,0,1,1,0,0,0,0,1,1,0,0,0,0,0,0,0,0,0,0
"Libya","2010",0,0,0,0,0,0,0,0,0,0,0,0,0,0,0,0,0,0,0,0,0,0,0,0,0,0,0
"Libya","2011",0,0,0,0,0,0,0,0,0,0,0,0,0,0,0,0,0,0,0,0,0,0,0,0,0,0,0
"Libya","2012",0,0,0,0,0,0,0,0,0,0,0,0,0,0,0,0,0,0,0,0,0,0,0,0,0,0,0
"Libya","2013",1,0,1,0,0,0,1,0,1,1,0,1,0,0,0,1,0,1,0,0,0,0,0,0,0,0,0
"Libya","2014",0,0,0,0,0,0,0,0,0,0,0,0,0,0,0,0,0,0,0,0,0,0,0,0,0,0,0
"Libya","2015",1,1,0,0,0,0,1,1,0,1,1,0,0,0,0,1,1,0,0,0,0,0,0,0,0,0,0
"Libya","2016",2,2,0,0,0,0,2,2,0,2,2,0,0,0,0,2,2,0,0,0,0,0,0,0,0,0,0
"Libya","2017",-1,-1,0,0,0,0,-1,-1,0,0,0,0,0,0,0,0,0,0,1,1,0,0,0,0,1,1,0
"Libya","2018",0,0,0,0,0,0,0,0,0,0,0,0,0,0,0,0,0,0,0,0,0,0,0,0,0,0,0
"Libya","2019",4,2,2,0,0,0,4,2,2,4,2,2,0,0,0,4,2,2,0,0,0,0,0,0,0,0,0
"Morocco","2004",6,0,6,0,0,0,6,0,6,7,1,6,0,0,0,7,1,6,1,1,0,0,0,0,1,1,0
"Morocco","2005",20,15,5,0,0,0,20,15,5,20,15,5,0,0,0,20,15,5,0,0,0,0,0,0,0,0,0
"Morocco","2006",16,8,8,-2,-2,0,18,10,8,18,10,8,0,0,0,18,10,8,2,2,0,2,2,0,0,0,0
"Morocco","2007",-9,-7,-2,-10,-6,-4,1,-1,2,10,8,2,2,2,0,8,6,2,19,15,4,12,8,4,7,7,0
"Morocco","2008",2,-2,4,1,1,0,1,-3,4,22,14,8,8,6,2,14,8,6,20,16,4,7,5,2,13,11,2
"Morocco","2009",2,3,-1,-1,0,-1,3,3,0,7,4,3,0,0,0,7,4,3,5,1,4,1,0,1,4,1,3
"Morocco","2010",-1,-2,1,-1,-2,1,0,0,0,6,2,4,1,0,1,5,2,3,7,4,3,2,2,0,5,2,3
"Morocco","2011",0,-3,3,-3,-3,0,3,0,3,9,4,5,1,1,0,8,3,5,9,7,2,4,4,0,5,3,2
"Morocco","2012",3,-1,4,-2,-2,0,5,1,4,7,2,5,0,0,0,7,2,5,4,3,1,2,2,0,2,1,1
"Morocco","2013",6,3,3,0,0,0,6,3,3,8,4,4,0,0,0,8,4,4,2,1,1,0,0,0,2,1,1
"Morocco","2014",4,4,0,0,0,0,4,4,0,7,6,1,1,1,0,6,5,1,3,2,1,1,1,0,2,1,1
"Morocco","2015",6,4,2,0,0,0,6,4,2,8,5,3,0,0,0,8,5,3,2,1,1,0,0,0,2,1,1
"Morocco","2016",15,10,5,0,0,0,15,10,5,17,11,6,0,0,0,17,11,6,2,1,1,0,0,0,2,1,1
"Morocco","2017",14,11,3,1,1,0,13,10,3,17,14,3,1,1,0,16,13,3,3,3,0,0,0,0,3,3,0
"Morocco","2018",12,5,7,1,1,0,11,4,7,14,7,7,1,1,0,13,6,7,2,2,0,0,0,0,2,2,0
"Morocco","2019",15,8,7,0,0,0,15,8,7,19,11,8,2,1,1,17,10,7,4,3,1,2,1,1,2,2,0
"Monaco","2004",0,0,0,0,0,0,0,0,0,0,0,0,0,0,0,0,0,0,0,0,0,0,0,0,0,0,0
"Monaco","2005",0,0,0,0,0,0,0,0,0,0,0,0,0,0,0,0,0,0,0,0,0,0,0,0,0,0,0
"Monaco","2006",0,0,0,0,0,0,0,0,0,0,0,0,0,0,0,0,0,0,0,0,0,0,0,0,0,0,0
"Monaco","2007",0,0,0,0,0,0,0,0,0,0,0,0,0,0,0,0,0,0,0,0,0,0,0,0,0,0,0
"Monaco","2008",0,0,0,0,0,0,0,0,0,0,0,0,0,0,0,0,0,0,0,0,0,0,0,0,0,0,0
"Monaco","2009",0,0,0,0,0,0,0,0,0,0,0,0,0,0,0,0,0,0,0,0,0,0,0,0,0,0,0
"Monaco","2010",0,0,0,0,0,0,0,0,0,0,0,0,0,0,0,0,0,0,0,0,0,0,0,0,0,0,0
"Monaco","2011",-2,-2,0,-2,-2,0,0,0,0,0,0,0,0,0,0,0,0,0,2,2,0,2,2,0,0,0,0
"Monaco","2012",0,0,0,0,0,0,0,0,0,0,0,0,0,0,0,0,0,0,0,0,0,0,0,0,0,0,0
"Monaco","2013",0,0,0,0,0,0,0,0,0,0,0,0,0,0,0,0,0,0,0,0,0,0,0,0,0,0,0
"Monaco","2014",1,1,0,0,0,0,1,1,0,1,1,0,0,0,0,1,1,0,0,0,0,0,0,0,0,0,0
"Monaco","2015",0,0,0,0,0,0,0,0,0,0,0,0,0,0,0,0,0,0,0,0,0,0,0,0,0,0,0
"Monaco","2016",-1,-1,0,0,0,0,-1,-1,0,0,0,0,0,0,0,0,0,0,1,1,0,0,0,0,1,1,0
"Monaco","2017",0,0,0,0,0,0,0,0,0,0,0,0,0,0,0,0,0,0,0,0,0,0,0,0,0,0,0
"Monaco","2018",0,0,0,0,0,0,0,0,0,0,0,0,0,0,0,0,0,0,0,0,0,0,0,0,0,0,0
"Monaco","2019",1,1,0,1,1,0,0,0,0,1,1,0,1,1,0,0,0,0,0,0,0,0,0,0,0,0,0
"Moldova","2004",0,0,0,0,0,0,0,0,0,0,0,0,0,0,0,0,0,0,0,0,0,0,0,0,0,0,0
"Moldova","2005",-1,-1,0,0,0,0,-1,-1,0,0,0,0,0,0,0,0,0,0,1,1,0,0,0,0,1,1,0
"Moldova","2006",5,2,3,0,0,0,5,2,3,5,2,3,0,0,0,5,2,3,0,0,0,0,0,0,0,0,0
"Moldova","2007",0,0,0,0,0,0,0,0,0,0,0,0,0,0,0,0,0,0,0,0,0,0,0,0,0,0,0
"Moldova","2008",-2,0,-2,0,0,0,-2,0,-2,1,1,0,0,0,0,1,1,0,3,1,2,0,0,0,3,1,2
"Moldova","2009",-1,-1,0,0,0,0,-1,-1,0,0,0,0,0,0,0,0,0,0,1,1,0,0,0,0,1,1,0
"Moldova","2010",1,0,1,0,0,0,1,0,1,1,0,1,0,0,0,1,0,1,0,0,0,0,0,0,0,0,0
"Moldova","2011",0,0,0,0,0,0,0,0,0,1,0,1,0,0,0,1,0,1,1,0,1,0,0,0,1,0,1
"Moldova","2012",1,0,1,0,0,0,1,0,1,1,0,1,0,0,0,1,0,1,0,0,0,0,0,0,0,0,0
"Moldova","2013",2,0,2,0,0,0,2,0,2,3,1,2,0,0,0,3,1,2,1,1,0,0,0,0,1,1,0
"Moldova","2014",4,3,1,0,0,0,4,3,1,4,3,1,0,0,0,4,3,1,0,0,0,0,0,0,0,0,0
"Moldova","2015",5,2,3,0,0,0,5,2,3,6,3,3,0,0,0,6,3,3,1,1,0,0,0,0,1,1,0
"Moldova","2016",10,5,5,0,0,0,10,5,5,12,6,6,0,0,0,12,6,6,2,1,1,0,0,0,2,1,1
"Moldova","2017",23,15,8,0,0,0,23,15,8,26,16,10,0,0,0,26,16,10,3,1,2,0,0,0,3,1,2
"Moldova","2018",12,3,9,0,0,0,12,3,9,17,7,10,0,0,0,17,7,10,5,4,1,0,0,0,5,4,1
"Moldova","2019",16,11,5,0,0,0,16,11,5,26,17,9,0,0,0,26,17,9,10,6,4,0,0,0,10,6,4
"Montenegro","2004",0,0,0,0,0,0,0,0,0,0,0,0,0,0,0,0,0,0,0,0,0,0,0,0,0,0,0
"Montenegro","2005",0,0,0,0,0,0,0,0,0,0,0,0,0,0,0,0,0,0,0,0,0,0,0,0,0,0,0
"Montenegro","2006",0,0,0,0,0,0,0,0,0,0,0,0,0,0,0,0,0,0,0,0,0,0,0,0,0,0,0
"Montenegro","2007",0,0,0,0,0,0,0,0,0,0,0,0,0,0,0,0,0,0,0,0,0,0,0,0,0,0,0
"Montenegro","2008",0,0,0,0,0,0,0,0,0,0,0,0,0,0,0,0,0,0,0,0,0,0,0,0,0,0,0
"Montenegro","2009",0,0,0,0,0,0,0,0,0,0,0,0,0,0,0,0,0,0,0,0,0,0,0,0,0,0,0
"Montenegro","2010",-1,-1,0,0,0,0,-1,-1,0,0,0,0,0,0,0,0,0,0,1,1,0,0,0,0,1,1,0
"Montenegro","2011",1,1,0,0,0,0,1,1,0,1,1,0,0,0,0,1,1,0,0,0,0,0,0,0,0,0,0
"Montenegro","2012",0,0,0,0,0,0,0,0,0,0,0,0,0,0,0,0,0,0,0,0,0,0,0,0,0,0,0
"Montenegro","2013",-1,-1,0,0,0,0,-1,-1,0,0,0,0,0,0,0,0,0,0,1,1,0,0,0,0,1,1,0
"Montenegro","2014",2,0,2,0,0,0,2,0,2,2,0,2,0,0,0,2,0,2,0,0,0,0,0,0,0,0,0
"Montenegro","2015",2,2,0,0,0,0,2,2,0,4,2,2,0,0,0,4,2,2,2,0,2,0,0,0,2,0,2
"Montenegro","2016",-2,-1,-1,0,0,0,-2,-1,-1,0,0,0,0,0,0,0,0,0,2,1,1,0,0,0,2,1,1
"Montenegro","2017",2,2,0,0,0,0,2,2,0,4,4,0,0,0,0,4,4,0,2,2,0,0,0,0,2,2,0
"Montenegro","2018",2,1,1,0,0,0,2,1,1,2,1,1,0,0,0,2,1,1,0,0,0,0,0,0,0,0,0
"Montenegro","2019",2,2,0,-3,-3,0,5,5,0,5,5,0,0,0,0,5,5,0,3,3,0,3,3,0,0,0,0
"Madagascar","2004",0,0,0,0,0,0,0,0,0,0,0,0,0,0,0,0,0,0,0,0,0,0,0,0,0,0,0
"Madagascar","2005",0,0,0,0,0,0,0,0,0,0,0,0,0,0,0,0,0,0,0,0,0,0,0,0,0,0,0
"Madagascar","2006",0,0,0,0,0,0,0,0,0,0,0,0,0,0,0,0,0,0,0,0,0,0,0,0,0,0,0
"Madagascar","2007",0,0,0,0,0,0,0,0,0,0,0,0,0,0,0,0,0,0,0,0,0,0,0,0,0,0,0
"Madagascar","2008",0,0,0,0,0,0,0,0,0,0,0,0,0,0,0,0,0,0,0,0,0,0,0,0,0,0,0
"Madagascar","2009",1,0,1,0,0,0,1,0,1,1,0,1,0,0,0,1,0,1,0,0,0,0,0,0,0,0,0
"Madagascar","2010",-1,0,-1,0,0,0,-1,0,-1,0,0,0,0,0,0,0,0,0,1,0,1,0,0,0,1,0,1
"Madagascar","2011",0,0,0,0,0,0,0,0,0,0,0,0,0,0,0,0,0,0,0,0,0,0,0,0,0,0,0
"Madagascar","2012",0,0,0,0,0,0,0,0,0,0,0,0,0,0,0,0,0,0,0,0,0,0,0,0,0,0,0
"Madagascar","2013",0,0,0,0,0,0,0,0,0,0,0,0,0,0,0,0,0,0,0,0,0,0,0,0,0,0,0
"Madagascar","2014",0,0,0,0,0,0,0,0,0,0,0,0,0,0,0,0,0,0,0,0,0,0,0,0,0,0,0
"Madagascar","2015",0,0,0,0,0,0,0,0,0,0,0,0,0,0,0,0,0,0,0,0,0,0,0,0,0,0,0
"Madagascar","2016",0,0,0,0,0,0,0,0,0,0,0,0,0,0,0,0,0,0,0,0,0,0,0,0,0,0,0
"Madagascar","2017",0,0,0,0,0,0,0,0,0,0,0,0,0,0,0,0,0,0,0,0,0,0,0,0,0,0,0
"Madagascar","2018",0,0,0,0,0,0,0,0,0,0,0,0,0,0,0,0,0,0,0,0,0,0,0,0,0,0,0
"Madagascar","2019",0,0,0,0,0,0,0,0,0,0,0,0,0,0,0,0,0,0,0,0,0,0,0,0,0,0,0
"North Macedonia","2004",0,0,0,0,0,0,0,0,0,1,1,0,0,0,0,1,1,0,1,1,0,0,0,0,1,1,0
"North Macedonia","2005",7,5,2,0,0,0,7,5,2,7,5,2,0,0,0,7,5,2,0,0,0,0,0,0,0,0,0
"North Macedonia","2006",3,4,-1,0,0,0,3,4,-1,5,5,0,0,0,0,5,5,0,2,1,1,0,0,0,2,1,1
"North Macedonia","2007",0,-1,1,0,0,0,0,-1,1,2,1,1,0,0,0,2,1,1,2,2,0,0,0,0,2,2,0
"North Macedonia","2008",6,2,4,0,0,0,6,2,4,8,3,5,0,0,0,8,3,5,2,1,1,0,0,0,2,1,1
"North Macedonia","2009",1,-2,3,0,0,0,1,-2,3,5,2,3,0,0,0,5,2,3,4,4,0,0,0,0,4,4,0
"North Macedonia","2010",-4,-3,-1,-2,-1,-1,-2,-2,0,0,0,0,0,0,0,0,0,0,4,3,1,2,1,1,2,2,0
"North Macedonia","2011",-1,0,-1,0,0,0,-1,0,-1,0,0,0,0,0,0,0,0,0,1,0,1,0,0,0,1,0,1
"North Macedonia","2012",2,1,1,-1,-1,0,3,2,1,3,2,1,0,0,0,3,2,1,1,1,0,1,1,0,0,0,0
"North Macedonia","2013",7,3,4,0,0,0,7,3,4,8,4,4,0,0,0,8,4,4,1,1,0,0,0,0,1,1,0
"North Macedonia","2014",1,-1,2,0,0,0,1,-1,2,6,3,3,0,0,0,6,3,3,5,4,1,0,0,0,5,4,1
"North Macedonia","2015",4,4,0,1,1,0,3,3,0,4,4,0,1,1,0,3,3,0,0,0,0,0,0,0,0,0,0
"North Macedonia","2016",5,1,4,0,0,0,5,1,4,7,3,4,0,0,0,7,3,4,2,2,0,0,0,0,2,2,0
"North Macedonia","2017",8,5,3,0,0,0,8,5,3,8,5,3,0,0,0,8,5,3,0,0,0,0,0,0,0,0,0
"North Macedonia","2018",22,11,11,0,0,0,22,11,11,24,12,12,0,0,0,24,12,12,2,1,1,0,0,0,2,1,1
"North Macedonia","2019",6,4,2,0,0,0,6,4,2,9,6,3,0,0,0,9,6,3,3,2,1,0,0,0,3,2,1
"Mali","2004",0,0,0,0,0,0,0,0,0,0,0,0,0,0,0,0,0,0,0,0,0,0,0,0,0,0,0
"Mali","2005",0,0,0,0,0,0,0,0,0,0,0,0,0,0,0,0,0,0,0,0,0,0,0,0,0,0,0
"Mali","2006",0,0,0,0,0,0,0,0,0,0,0,0,0,0,0,0,0,0,0,0,0,0,0,0,0,0,0
"Mali","2007",0,0,0,0,0,0,0,0,0,0,0,0,0,0,0,0,0,0,0,0,0,0,0,0,0,0,0
"Mali","2008",1,1,0,0,0,0,1,1,0,1,1,0,0,0,0,1,1,0,0,0,0,0,0,0,0,0,0
"Mali","2009",0,0,0,0,0,0,0,0,0,0,0,0,0,0,0,0,0,0,0,0,0,0,0,0,0,0,0
"Mali","2010",0,0,0,0,0,0,0,0,0,0,0,0,0,0,0,0,0,0,0,0,0,0,0,0,0,0,0
"Mali","2011",0,0,0,0,0,0,0,0,0,0,0,0,0,0,0,0,0,0,0,0,0,0,0,0,0,0,0
"Mali","2012",0,0,0,0,0,0,0,0,0,0,0,0,0,0,0,0,0,0,0,0,0,0,0,0,0,0,0
"Mali","2013",0,0,0,0,0,0,0,0,0,0,0,0,0,0,0,0,0,0,0,0,0,0,0,0,0,0,0
"Mali","2014",0,0,0,0,0,0,0,0,0,0,0,0,0,0,0,0,0,0,0,0,0,0,0,0,0,0,0
"Mali","2015",2,2,0,0,0,0,2,2,0,2,2,0,0,0,0,2,2,0,0,0,0,0,0,0,0,0,0
"Mali","2016",0,0,0,0,0,0,0,0,0,0,0,0,0,0,0,0,0,0,0,0,0,0,0,0,0,0,0
"Mali","2017",1,1,0,0,0,0,1,1,0,1,1,0,0,0,0,1,1,0,0,0,0,0,0,0,0,0,0
"Mali","2018",0,-1,1,-1,-1,0,1,0,1,1,0,1,0,0,0,1,0,1,1,1,0,1,1,0,0,0,0
"Mali","2019",-1,0,-1,0,0,0,-1,0,-1,0,0,0,0,0,0,0,0,0,1,0,1,0,0,0,1,0,1
"Myanmar","2004",0,0,0,0,0,0,0,0,0,0,0,0,0,0,0,0,0,0,0,0,0,0,0,0,0,0,0
"Myanmar","2005",0,0,0,0,0,0,0,0,0,0,0,0,0,0,0,0,0,0,0,0,0,0,0,0,0,0,0
"Myanmar","2006",0,0,0,0,0,0,0,0,0,0,0,0,0,0,0,0,0,0,0,0,0,0,0,0,0,0,0
"Myanmar","2007",1,1,0,0,0,0,1,1,0,1,1,0,0,0,0,1,1,0,0,0,0,0,0,0,0,0,0
"Myanmar","2008",-1,-1,0,0,0,0,-1,-1,0,0,0,0,0,0,0,0,0,0,1,1,0,0,0,0,1,1,0
"Myanmar","2009",0,0,0,0,0,0,0,0,0,0,0,0,0,0,0,0,0,0,0,0,0,0,0,0,0,0,0
"Myanmar","2010",0,0,0,0,0,0,0,0,0,0,0,0,0,0,0,0,0,0,0,0,0,0,0,0,0,0,0
"Myanmar","2011",0,0,0,0,0,0,0,0,0,0,0,0,0,0,0,0,0,0,0,0,0,0,0,0,0,0,0
"Myanmar","2012",0,0,0,0,0,0,0,0,0,0,0,0,0,0,0,0,0,0,0,0,0,0,0,0,0,0,0
"Myanmar","2013",0,0,0,0,0,0,0,0,0,0,0,0,0,0,0,0,0,0,0,0,0,0,0,0,0,0,0
"Myanmar","2014",0,0,0,0,0,0,0,0,0,0,0,0,0,0,0,0,0,0,0,0,0,0,0,0,0,0,0
"Myanmar","2015",0,0,0,0,0,0,0,0,0,0,0,0,0,0,0,0,0,0,0,0,0,0,0,0,0,0,0
"Myanmar","2016",1,0,1,0,0,0,1,0,1,1,0,1,0,0,0,1,0,1,0,0,0,0,0,0,0,0,0
"Myanmar","2017",2,0,2,0,0,0,2,0,2,2,0,2,0,0,0,2,0,2,0,0,0,0,0,0,0,0,0
"Myanmar","2018",1,1,0,0,0,0,1,1,0,3,1,2,0,0,0,3,1,2,2,0,2,0,0,0,2,0,2
"Myanmar","2019",-2,0,-2,0,0,0,-2,0,-2,0,0,0,0,0,0,0,0,0,2,0,2,0,0,0,2,0,2
"Mongolia","2004",7,4,3,0,0,0,7,4,3,10,6,4,0,0,0,10,6,4,3,2,1,0,0,0,3,2,1
"Mongolia","2005",2,1,1,0,0,0,2,1,1,6,5,1,0,0,0,6,5,1,4,4,0,0,0,0,4,4,0
"Mongolia","2006",1,1,0,0,0,0,1,1,0,3,2,1,0,0,0,3,2,1,2,1,1,0,0,0,2,1,1
"Mongolia","2007",3,-1,4,-1,-1,0,4,0,4,4,0,4,0,0,0,4,0,4,1,1,0,1,1,0,0,0,0
"Mongolia","2008",1,-1,2,0,0,0,1,-1,2,6,2,4,0,0,0,6,2,4,5,3,2,0,0,0,5,3,2
"Mongolia","2009",-2,-1,-1,1,1,0,-3,-2,-1,5,2,3,2,2,0,3,0,3,7,3,4,1,1,0,6,2,4
"Mongolia","2010",-2,-1,-1,0,0,0,-2,-1,-1,4,2,2,0,0,0,4,2,2,6,3,3,0,0,0,6,3,3
"Mongolia","2011",1,0,1,0,0,0,1,0,1,3,0,3,0,0,0,3,0,3,2,0,2,0,0,0,2,0,2
"Mongolia","2012",3,0,3,0,0,0,3,0,3,4,1,3,0,0,0,4,1,3,1,1,0,0,0,0,1,1,0
"Mongolia","2013",-6,-2,-4,0,0,0,-6,-2,-4,1,0,1,0,0,0,1,0,1,7,2,5,0,0,0,7,2,5
"Mongolia","2014",-1,0,-1,0,0,0,-1,0,-1,2,0,2,0,0,0,2,0,2,3,0,3,0,0,0,3,0,3
"Mongolia","2015",-1,0,-1,0,0,0,-1,0,-1,3,1,2,0,0,0,3,1,2,4,1,3,0,0,0,4,1,3
"Mongolia","2016",-1,-1,0,0,0,0,-1,-1,0,3,1,2,0,0,0,3,1,2,4,2,2,0,0,0,4,2,2
"Mongolia","2017",0,0,0,0,0,0,0,0,0,3,2,1,0,0,0,3,2,1,3,2,1,0,0,0,3,2,1
"Mongolia","2018",2,1,1,0,0,0,2,1,1,4,1,3,0,0,0,4,1,3,2,0,2,0,0,0,2,0,2
"Mongolia","2019",1,0,1,0,0,0,1,0,1,3,0,3,0,0,0,3,0,3,2,0,2,0,0,0,2,0,2
"Mauritania","2004",-1,-1,0,-1,-1,0,0,0,0,0,0,0,0,0,0,0,0,0,1,1,0,1,1,0,0,0,0
"Mauritania","2005",-6,-6,0,-6,-6,0,0,0,0,0,0,0,0,0,0,0,0,0,6,6,0,6,6,0,0,0,0
"Mauritania","2006",-2,-2,0,-2,-2,0,0,0,0,1,1,0,1,1,0,0,0,0,3,3,0,3,3,0,0,0,0
"Mauritania","2007",-2,-2,0,-2,-2,0,0,0,0,5,5,0,5,5,0,0,0,0,7,7,0,7,7,0,0,0,0
"Mauritania","2008",-6,-6,0,-5,-5,0,-1,-1,0,2,2,0,2,2,0,0,0,0,8,8,0,7,7,0,1,1,0
"Mauritania","2009",-9,-9,0,-9,-9,0,0,0,0,1,1,0,1,1,0,0,0,0,10,10,0,10,10,0,0,0,0
"Mauritania","2010",-5,-5,0,-5,-5,0,0,0,0,3,3,0,3,3,0,0,0,0,8,8,0,8,8,0,0,0,0
"Mauritania","2011",0,0,0,0,0,0,0,0,0,4,4,0,4,4,0,0,0,0,4,4,0,4,4,0,0,0,0
"Mauritania","2012",8,8,0,8,8,0,0,0,0,10,10,0,10,10,0,0,0,0,2,2,0,2,2,0,0,0,0
"Mauritania","2013",3,3,0,3,3,0,0,0,0,7,7,0,6,6,0,1,1,0,4,4,0,3,3,0,1,1,0
"Mauritania","2014",-4,-4,0,-4,-4,0,0,0,0,1,1,0,1,1,0,0,0,0,5,5,0,5,5,0,0,0,0
"Mauritania","2015",1,1,0,0,0,0,1,1,0,6,6,0,5,5,0,1,1,0,5,5,0,5,5,0,0,0,0
"Mauritania","2016",6,6,0,6,6,0,0,0,0,6,6,0,6,6,0,0,0,0,0,0,0,0,0,0,0,0,0
"Mauritania","2017",6,6,0,5,5,0,1,1,0,6,6,0,5,5,0,1,1,0,0,0,0,0,0,0,0,0,0
"Mauritania","2018",6,6,0,6,6,0,0,0,0,6,6,0,6,6,0,0,0,0,0,0,0,0,0,0,0,0,0
"Mauritania","2019",3,3,0,3,3,0,0,0,0,3,3,0,3,3,0,0,0,0,0,0,0,0,0,0,0,0,0
"Malta","2004",2,2,0,2,2,0,0,0,0,2,2,0,2,2,0,0,0,0,0,0,0,0,0,0,0,0,0
"Malta","2005",2,2,0,1,1,0,1,1,0,5,3,2,4,2,2,1,1,0,3,1,2,3,1,2,0,0,0
"Malta","2006",3,1,2,3,1,2,0,0,0,3,1,2,3,1,2,0,0,0,0,0,0,0,0,0,0,0,0
"Malta","2007",3,3,0,0,0,0,3,3,0,4,3,1,0,0,0,4,3,1,1,0,1,0,0,0,1,0,1
"Malta","2008",-1,-1,0,-1,-1,0,0,0,0,0,0,0,0,0,0,0,0,0,1,1,0,1,1,0,0,0,0
"Malta","2009",-2,-1,-1,0,0,0,-2,-1,-1,0,0,0,0,0,0,0,0,0,2,1,1,0,0,0,2,1,1
"Malta","2010",-7,-4,-3,-8,-5,-3,1,1,0,1,1,0,0,0,0,1,1,0,8,5,3,8,5,3,0,0,0
"Malta","2011",0,-1,1,1,0,1,-1,-1,0,2,1,1,2,1,1,0,0,0,2,2,0,1,1,0,1,1,0
"Malta","2012",-2,-2,0,0,0,0,-2,-2,0,3,2,1,2,1,1,1,1,0,5,4,1,2,1,1,3,3,0
"Malta","2013",1,1,0,-1,-1,0,2,2,0,3,3,0,1,1,0,2,2,0,2,2,0,2,2,0,0,0,0
"Malta","2014",9,4,5,-2,-2,0,11,6,5,12,7,5,0,0,0,12,7,5,3,3,0,2,2,0,1,1,0
"Malta","2015",-6,-3,-3,-1,-1,0,-5,-2,-3,2,2,0,0,0,0,2,2,0,8,5,3,1,1,0,7,4,3
"Malta","2016",-11,-3,-8,-10,-2,-8,-1,-1,0,1,1,0,1,1,0,0,0,0,12,4,8,11,3,8,1,1,0
"Malta","2017",3,4,-1,-1,2,-3,4,2,2,9,5,4,4,3,1,5,2,3,6,1,5,5,1,4,1,0,1
"Malta","2018",10,1,9,9,1,8,1,0,1,16,6,10,13,4,9,3,2,1,6,5,1,4,3,1,2,2,0
"Malta","2019",4,1,3,0,0,0,4,1,3,7,3,4,1,0,1,6,3,3,3,2,1,1,0,1,2,2,0
"Mauritius","2004",0,0,0,0,0,0,0,0,0,1,1,0,0,0,0,1,1,0,1,1,0,0,0,0,1,1,0
"Mauritius","2005",0,0,0,0,0,0,0,0,0,0,0,0,0,0,0,0,0,0,0,0,0,0,0,0,0,0,0
"Mauritius","2006",1,1,0,0,0,0,1,1,0,1,1,0,0,0,0,1,1,0,0,0,0,0,0,0,0,0,0
"Mauritius","2007",0,0,0,0,0,0,0,0,0,1,1,0,0,0,0,1,1,0,1,1,0,0,0,0,1,1,0
"Mauritius","2008",-2,-2,0,0,0,0,-2,-2,0,0,0,0,0,0,0,0,0,0,2,2,0,0,0,0,2,2,0
"Mauritius","2009",1,1,0,0,0,0,1,1,0,1,1,0,0,0,0,1,1,0,0,0,0,0,0,0,0,0,0
"Mauritius","2010",-1,-1,0,0,0,0,-1,-1,0,0,0,0,0,0,0,0,0,0,1,1,0,0,0,0,1,1,0
"Mauritius","2011",0,0,0,0,0,0,0,0,0,0,0,0,0,0,0,0,0,0,0,0,0,0,0,0,0,0,0
"Mauritius","2012",0,0,0,0,0,0,0,0,0,0,0,0,0,0,0,0,0,0,0,0,0,0,0,0,0,0,0
"Mauritius","2013",0,0,0,0,0,0,0,0,0,0,0,0,0,0,0,0,0,0,0,0,0,0,0,0,0,0,0
"Mauritius","2014",0,0,0,0,0,0,0,0,0,0,0,0,0,0,0,0,0,0,0,0,0,0,0,0,0,0,0
"Mauritius","2015",0,0,0,0,0,0,0,0,0,0,0,0,0,0,0,0,0,0,0,0,0,0,0,0,0,0,0
"Mauritius","2016",1,1,0,0,0,0,1,1,0,1,1,0,0,0,0,1,1,0,0,0,0,0,0,0,0,0,0
"Mauritius","2017",1,0,1,0,0,0,1,0,1,1,0,1,0,0,0,1,0,1,0,0,0,0,0,0,0,0,0
"Mauritius","2018",-1,0,-1,0,0,0,-1,0,-1,0,0,0,0,0,0,0,0,0,1,0,1,0,0,0,1,0,1
"Mauritius","2019",1,1,0,1,1,0,0,0,0,1,1,0,1,1,0,0,0,0,0,0,0,0,0,0,0,0,0
"Maldives","2004",0,0,0,0,0,0,0,0,0,0,0,0,0,0,0,0,0,0,0,0,0,0,0,0,0,0,0
"Maldives","2005",0,0,0,0,0,0,0,0,0,0,0,0,0,0,0,0,0,0,0,0,0,0,0,0,0,0,0
"Maldives","2006",0,0,0,0,0,0,0,0,0,0,0,0,0,0,0,0,0,0,0,0,0,0,0,0,0,0,0
"Maldives","2007",0,0,0,0,0,0,0,0,0,0,0,0,0,0,0,0,0,0,0,0,0,0,0,0,0,0,0
"Maldives","2008",0,0,0,0,0,0,0,0,0,0,0,0,0,0,0,0,0,0,0,0,0,0,0,0,0,0,0
"Maldives","2009",0,0,0,0,0,0,0,0,0,0,0,0,0,0,0,0,0,0,0,0,0,0,0,0,0,0,0
"Maldives","2010",0,0,0,0,0,0,0,0,0,0,0,0,0,0,0,0,0,0,0,0,0,0,0,0,0,0,0
"Maldives","2011",0,0,0,0,0,0,0,0,0,0,0,0,0,0,0,0,0,0,0,0,0,0,0,0,0,0,0
"Maldives","2012",0,0,0,0,0,0,0,0,0,0,0,0,0,0,0,0,0,0,0,0,0,0,0,0,0,0,0
"Maldives","2013",0,0,0,0,0,0,0,0,0,0,0,0,0,0,0,0,0,0,0,0,0,0,0,0,0,0,0
"Maldives","2014",1,1,0,0,0,0,1,1,0,1,1,0,0,0,0,1,1,0,0,0,0,0,0,0,0,0,0
"Maldives","2015",0,0,0,0,0,0,0,0,0,0,0,0,0,0,0,0,0,0,0,0,0,0,0,0,0,0,0
"Maldives","2016",0,0,0,0,0,0,0,0,0,0,0,0,0,0,0,0,0,0,0,0,0,0,0,0,0,0,0
"Maldives","2017",0,0,0,0,0,0,0,0,0,0,0,0,0,0,0,0,0,0,0,0,0,0,0,0,0,0,0
"Maldives","2018",0,0,0,0,0,0,0,0,0,0,0,0,0,0,0,0,0,0,0,0,0,0,0,0,0,0,0
"Maldives","2019",1,1,0,0,0,0,1,1,0,1,1,0,0,0,0,1,1,0,0,0,0,0,0,0,0,0,0
"Malawi","2004",0,-1,1,0,0,0,0,-1,1,1,0,1,0,0,0,1,0,1,1,1,0,0,0,0,1,1,0
"Malawi","2005",0,0,0,0,0,0,0,0,0,0,0,0,0,0,0,0,0,0,0,0,0,0,0,0,0,0,0
"Malawi","2006",0,0,0,0,0,0,0,0,0,0,0,0,0,0,0,0,0,0,0,0,0,0,0,0,0,0,0
"Malawi","2007",0,0,0,0,0,0,0,0,0,0,0,0,0,0,0,0,0,0,0,0,0,0,0,0,0,0,0
"Malawi","2008",0,0,0,0,0,0,0,0,0,0,0,0,0,0,0,0,0,0,0,0,0,0,0,0,0,0,0
"Malawi","2009",0,0,0,0,0,0,0,0,0,0,0,0,0,0,0,0,0,0,0,0,0,0,0,0,0,0,0
"Malawi","2010",0,0,0,0,0,0,0,0,0,0,0,0,0,0,0,0,0,0,0,0,0,0,0,0,0,0,0
"Malawi","2011",0,0,0,0,0,0,0,0,0,0,0,0,0,0,0,0,0,0,0,0,0,0,0,0,0,0,0
"Malawi","2012",1,1,0,0,0,0,1,1,0,1,1,0,0,0,0,1,1,0,0,0,0,0,0,0,0,0,0
"Malawi","2013",1,1,0,0,0,0,1,1,0,4,2,2,0,0,0,4,2,2,3,1,2,0,0,0,3,1,2
"Malawi","2014",0,0,0,0,0,0,0,0,0,8,5,3,0,0,0,8,5,3,8,5,3,0,0,0,8,5,3
"Malawi","2015",0,0,0,0,0,0,0,0,0,7,5,2,0,0,0,7,5,2,7,5,2,0,0,0,7,5,2
"Malawi","2016",-1,-1,0,0,0,0,-1,-1,0,4,2,2,0,0,0,4,2,2,5,3,2,0,0,0,5,3,2
"Malawi","2017",-1,-1,0,0,0,0,-1,-1,0,4,2,2,0,0,0,4,2,2,5,3,2,0,0,0,5,3,2
"Malawi","2018",0,0,0,0,0,0,0,0,0,3,2,1,0,0,0,3,2,1,3,2,1,0,0,0,3,2,1
"Malawi","2019",7,6,1,0,0,0,7,6,1,13,9,4,0,0,0,13,9,4,6,3,3,0,0,0,6,3,3
"Mexico","2004",3,-1,4,3,1,2,0,-2,2,5,1,4,3,1,2,2,0,2,2,2,0,0,0,0,2,2,0
"Mexico","2005",7,4,3,1,1,0,6,3,3,10,4,6,2,1,1,8,3,5,3,0,3,1,0,1,2,0,2
"Mexico","2006",5,2,3,1,1,0,4,1,3,11,5,6,1,1,0,10,4,6,6,3,3,0,0,0,6,3,3
"Mexico","2007",0,3,-3,2,2,0,-2,1,-3,9,6,3,5,4,1,4,2,2,9,3,6,3,2,1,6,1,5
"Mexico","2008",15,8,7,5,1,4,10,7,3,19,10,9,6,2,4,13,8,5,4,2,2,1,1,0,3,1,2
"Mexico","2009",5,-1,6,-1,-2,1,6,1,5,14,5,9,2,1,1,12,4,8,9,6,3,3,3,0,6,3,3
"Mexico","2010",0,-1,1,-2,0,-2,2,-1,3,8,3,5,1,1,0,7,2,5,8,4,4,3,1,2,5,3,2
"Mexico","2011",7,7,0,0,3,-3,7,4,3,15,10,5,3,3,0,12,7,5,8,3,5,3,0,3,5,3,2
"Mexico","2012",9,3,6,0,0,0,9,3,6,11,4,7,0,0,0,11,4,7,2,1,1,0,0,0,2,1,1
"Mexico","2013",-1,-1,0,-1,-1,0,0,0,0,11,6,5,2,1,1,9,5,4,12,7,5,3,2,1,9,5,4
"Mexico","2014",5,5,0,-1,-1,0,6,6,0,13,10,3,0,0,0,13,10,3,8,5,3,1,1,0,7,4,3
"Mexico","2015",13,9,4,0,0,0,13,9,4,21,13,8,1,1,0,20,12,8,8,4,4,1,1,0,7,3,4
"Mexico","2016",18,9,9,0,-1,1,18,10,8,29,13,16,1,0,1,28,13,15,11,4,7,1,1,0,10,3,7
"Mexico","2017",11,0,11,3,0,3,8,0,8,20,6,14,4,1,3,16,5,11,9,6,3,1,1,0,8,5,3
"Mexico","2018",2,2,0,-4,-2,-2,6,4,2,23,11,12,2,1,1,21,10,11,21,9,12,6,3,3,15,6,9
"Mexico","2019",7,2,5,1,0,1,6,2,4,19,7,12,4,2,2,15,5,10,12,5,7,3,2,1,9,3,6
"Malaysia","2004",3,2,1,2,2,0,1,0,1,4,3,1,2,2,0,2,1,1,1,1,0,0,0,0,1,1,0
"Malaysia","2005",7,3,4,0,0,0,7,3,4,9,5,4,1,1,0,8,4,4,2,2,0,1,1,0,1,1,0
"Malaysia","2006",4,3,1,2,2,0,2,1,1,5,4,1,3,3,0,2,1,1,1,1,0,1,1,0,0,0,0
"Malaysia","2007",6,3,3,2,1,1,4,2,2,8,5,3,3,2,1,5,3,2,2,2,0,1,1,0,1,1,0
"Malaysia","2008",-3,-3,0,-4,-3,-1,1,0,1,2,1,1,0,0,0,2,1,1,5,4,1,4,3,1,1,1,0
"Malaysia","2009",-3,-4,1,-2,-2,0,-1,-2,1,2,1,1,0,0,0,2,1,1,5,5,0,2,2,0,3,3,0
"Malaysia","2010",-1,-3,2,-4,-5,1,3,2,1,6,4,2,2,1,1,4,3,1,7,7,0,6,6,0,1,1,0
"Malaysia","2011",1,0,1,2,0,2,-1,0,-1,5,3,2,5,3,2,0,0,0,4,3,1,3,3,0,1,0,1
"Malaysia","2012",5,3,2,2,2,0,3,1,2,6,4,2,3,3,0,3,1,2,1,1,0,1,1,0,0,0,0
"Malaysia","2013",-1,-1,0,2,2,0,-3,-3,0,3,3,0,3,3,0,0,0,0,4,4,0,1,1,0,3,3,0
"Malaysia","2014",2,1,1,0,0,0,2,1,1,4,3,1,2,2,0,2,1,1,2,2,0,2,2,0,0,0,0
"Malaysia","2015",-1,0,-1,-1,0,-1,0,0,0,6,2,4,6,2,4,0,0,0,7,2,5,7,2,5,0,0,0
"Malaysia","2016",1,1,0,-1,0,-1,2,1,1,3,2,1,1,1,0,2,1,1,2,1,1,2,1,1,0,0,0
"Malaysia","2017",7,4,3,3,2,1,4,2,2,10,5,5,6,3,3,4,2,2,3,1,2,3,1,2,0,0,0
"Malaysia","2018",1,0,1,0,0,0,1,0,1,3,1,2,1,1,0,2,0,2,2,1,1,1,1,0,1,0,1
"Malaysia","2019",2,1,1,1,1,0,1,0,1,5,2,3,4,2,2,1,0,1,3,1,2,3,1,2,0,0,0
"Mozambique","2004",-1,-1,0,0,0,0,-1,-1,0,0,0,0,0,0,0,0,0,0,1,1,0,0,0,0,1,1,0
"Mozambique","2005",0,0,0,0,0,0,0,0,0,0,0,0,0,0,0,0,0,0,0,0,0,0,0,0,0,0,0
"Mozambique","2006",1,1,0,1,1,0,0,0,0,1,1,0,1,1,0,0,0,0,0,0,0,0,0,0,0,0,0
"Mozambique","2007",-1,0,-1,0,0,0,-1,0,-1,0,0,0,0,0,0,0,0,0,1,0,1,0,0,0,1,0,1
"Mozambique","2008",1,0,1,0,0,0,1,0,1,2,0,2,0,0,0,2,0,2,1,0,1,0,0,0,1,0,1
"Mozambique","2009",-1,1,-2,0,0,0,-1,1,-2,1,1,0,0,0,0,1,1,0,2,0,2,0,0,0,2,0,2
"Mozambique","2010",2,0,2,1,0,1,1,0,1,3,1,2,1,0,1,2,1,1,1,1,0,0,0,0,1,1,0
"Mozambique","2011",2,0,2,0,0,0,2,0,2,2,0,2,0,0,0,2,0,2,0,0,0,0,0,0,0,0,0
"Mozambique","2012",3,1,2,-1,-1,0,4,2,2,5,3,2,0,0,0,5,3,2,2,2,0,1,1,0,1,1,0
"Mozambique","2013",3,3,0,1,1,0,2,2,0,7,4,3,1,1,0,6,3,3,4,1,3,0,0,0,4,1,3
"Mozambique","2014",-2,-1,-1,0,0,0,-2,-1,-1,5,3,2,0,0,0,5,3,2,7,4,3,0,0,0,7,4,3
"Mozambique","2015",-4,-1,-3,-3,-1,-2,-1,0,-1,3,1,2,0,0,0,3,1,2,7,2,5,3,1,2,4,1,3
"Mozambique","2016",2,2,0,1,1,0,1,1,0,5,3,2,1,1,0,4,2,2,3,1,2,0,0,0,3,1,2
"Mozambique","2017",1,-1,2,2,0,2,-1,-1,0,3,1,2,2,0,2,1,1,0,2,2,0,0,0,0,2,2,0
"Mozambique","2018",0,0,0,0,0,0,0,0,0,1,1,0,0,0,0,1,1,0,1,1,0,0,0,0,1,1,0
"Mozambique","2019",-1,-1,0,0,0,0,-1,-1,0,3,0,3,0,0,0,3,0,3,4,1,3,0,0,0,4,1,3
"Namibia","2004",0,-1,1,2,1,1,-2,-2,0,12,7,5,10,6,4,2,1,1,12,8,4,8,5,3,4,3,1
"Namibia","2005",-2,0,-2,-4,0,-4,2,0,2,7,2,5,2,2,0,5,0,5,9,2,7,6,2,4,3,0,3
"Namibia","2006",1,-1,2,0,-1,1,1,0,1,2,0,2,1,0,1,1,0,1,1,1,0,1,1,0,0,0,0
"Namibia","2007",4,3,1,2,2,0,2,1,1,4,3,1,2,2,0,2,1,1,0,0,0,0,0,0,0,0,0
"Namibia","2008",4,0,4,-2,-2,0,6,2,4,6,2,4,0,0,0,6,2,4,2,2,0,2,2,0,0,0,0
"Namibia","2009",-3,-2,-1,-1,-1,0,-2,-1,-1,1,0,1,0,0,0,1,0,1,4,2,2,1,1,0,3,1,2
"Namibia","2010",2,1,1,2,1,1,0,0,0,4,2,2,2,1,1,2,1,1,2,1,1,0,0,0,2,1,1
"Namibia","2011",0,1,-1,1,1,0,-1,0,-1,2,1,1,2,1,1,0,0,0,2,0,2,1,0,1,1,0,1
"Namibia","2012",4,0,4,0,-1,1,4,1,3,5,1,4,1,0,1,4,1,3,1,1,0,1,1,0,0,0,0
"Namibia","2013",5,3,2,3,0,3,2,3,-1,7,3,4,3,0,3,4,3,1,2,0,2,0,0,0,2,0,2
"Namibia","2014",1,1,0,2,2,0,-1,-1,0,4,3,1,2,2,0,2,1,1,3,2,1,0,0,0,3,2,1
"Namibia","2015",2,0,2,0,0,0,2,0,2,4,2,2,1,1,0,3,1,2,2,2,0,1,1,0,1,1,0
"Namibia","2016",2,-2,4,-1,-1,0,3,-1,4,7,2,5,2,1,1,5,1,4,5,4,1,3,2,1,2,2,0
"Namibia","2017",3,5,-2,5,4,1,-2,1,-3,7,6,1,5,4,1,2,2,0,4,1,3,0,0,0,4,1,3
"Namibia","2018",2,0,2,2,2,0,0,-2,2,5,2,3,2,2,0,3,0,3,3,2,1,0,0,0,3,2,1
"Namibia","2019",2,2,0,3,2,1,-1,0,-1,4,2,2,3,2,1,1,0,1,2,0,2,0,0,0,2,0,2
"New Caledonia","2004",0,0,0,0,0,0,0,0,0,0,0,0,0,0,0,0,0,0,0,0,0,0,0,0,0,0,0
"New Caledonia","2005",0,0,0,0,0,0,0,0,0,0,0,0,0,0,0,0,0,0,0,0,0,0,0,0,0,0,0
"New Caledonia","2006",0,0,0,0,0,0,0,0,0,0,0,0,0,0,0,0,0,0,0,0,0,0,0,0,0,0,0
"New Caledonia","2007",0,0,0,0,0,0,0,0,0,0,0,0,0,0,0,0,0,0,0,0,0,0,0,0,0,0,0
"New Caledonia","2008",0,0,0,0,0,0,0,0,0,0,0,0,0,0,0,0,0,0,0,0,0,0,0,0,0,0,0
"New Caledonia","2009",0,0,0,0,0,0,0,0,0,0,0,0,0,0,0,0,0,0,0,0,0,0,0,0,0,0,0
"New Caledonia","2010",0,0,0,0,0,0,0,0,0,0,0,0,0,0,0,0,0,0,0,0,0,0,0,0,0,0,0
"New Caledonia","2011",0,0,0,0,0,0,0,0,0,0,0,0,0,0,0,0,0,0,0,0,0,0,0,0,0,0,0
"New Caledonia","2012",0,0,0,0,0,0,0,0,0,0,0,0,0,0,0,0,0,0,0,0,0,0,0,0,0,0,0
"New Caledonia","2013",0,0,0,0,0,0,0,0,0,0,0,0,0,0,0,0,0,0,0,0,0,0,0,0,0,0,0
"New Caledonia","2014",0,0,0,0,0,0,0,0,0,0,0,0,0,0,0,0,0,0,0,0,0,0,0,0,0,0,0
"New Caledonia","2015",0,0,0,0,0,0,0,0,0,1,1,0,1,1,0,0,0,0,1,1,0,1,1,0,0,0,0
"New Caledonia","2016",0,0,0,0,0,0,0,0,0,0,0,0,0,0,0,0,0,0,0,0,0,0,0,0,0,0,0
"New Caledonia","2017",0,0,0,0,0,0,0,0,0,0,0,0,0,0,0,0,0,0,0,0,0,0,0,0,0,0,0
"New Caledonia","2018",0,0,0,0,0,0,0,0,0,0,0,0,0,0,0,0,0,0,0,0,0,0,0,0,0,0,0
"New Caledonia","2019",0,0,0,0,0,0,0,0,0,0,0,0,0,0,0,0,0,0,0,0,0,0,0,0,0,0,0
"Niger","2004",1,0,1,0,0,0,1,0,1,1,0,1,0,0,0,1,0,1,0,0,0,0,0,0,0,0,0
"Niger","2005",1,1,0,0,0,0,1,1,0,1,1,0,0,0,0,1,1,0,0,0,0,0,0,0,0,0,0
"Niger","2006",0,0,0,0,0,0,0,0,0,0,0,0,0,0,0,0,0,0,0,0,0,0,0,0,0,0,0
"Niger","2007",0,0,0,0,0,0,0,0,0,0,0,0,0,0,0,0,0,0,0,0,0,0,0,0,0,0,0
"Niger","2008",0,0,0,0,0,0,0,0,0,0,0,0,0,0,0,0,0,0,0,0,0,0,0,0,0,0,0
"Niger","2009",0,0,0,0,0,0,0,0,0,0,0,0,0,0,0,0,0,0,0,0,0,0,0,0,0,0,0
"Niger","2010",1,1,0,0,0,0,1,1,0,1,1,0,0,0,0,1,1,0,0,0,0,0,0,0,0,0,0
"Niger","2011",1,1,0,0,0,0,1,1,0,1,1,0,0,0,0,1,1,0,0,0,0,0,0,0,0,0,0
"Niger","2012",0,0,0,0,0,0,0,0,0,0,0,0,0,0,0,0,0,0,0,0,0,0,0,0,0,0,0
"Niger","2013",0,0,0,0,0,0,0,0,0,2,2,0,0,0,0,2,2,0,2,2,0,0,0,0,2,2,0
"Niger","2014",0,0,0,0,0,0,0,0,0,2,2,0,0,0,0,2,2,0,2,2,0,0,0,0,2,2,0
"Niger","2015",1,1,0,0,0,0,1,1,0,1,1,0,0,0,0,1,1,0,0,0,0,0,0,0,0,0,0
"Niger","2016",-1,0,-1,0,0,0,-1,0,-1,0,0,0,0,0,0,0,0,0,1,0,1,0,0,0,1,0,1
"Niger","2017",0,0,0,0,0,0,0,0,0,1,1,0,0,0,0,1,1,0,1,1,0,0,0,0,1,1,0
"Niger","2018",0,0,0,0,0,0,0,0,0,0,0,0,0,0,0,0,0,0,0,0,0,0,0,0,0,0,0
"Niger","2019",0,0,0,0,0,0,0,0,0,1,1,0,0,0,0,1,1,0,1,1,0,0,0,0,1,1,0
"Nigeria","2004",4,3,1,2,2,0,2,1,1,6,5,1,2,2,0,4,3,1,2,2,0,0,0,0,2,2,0
"Nigeria","2005",5,-1,6,0,0,0,5,-1,6,6,0,6,0,0,0,6,0,6,1,1,0,0,0,0,1,1,0
"Nigeria","2006",4,1,3,0,0,0,4,1,3,6,3,3,0,0,0,6,3,3,2,2,0,0,0,0,2,2,0
"Nigeria","2007",10,6,4,0,0,0,10,6,4,11,6,5,0,0,0,11,6,5,1,0,1,0,0,0,1,0,1
"Nigeria","2008",4,5,-1,-1,-1,0,5,6,-1,8,6,2,0,0,0,8,6,2,4,1,3,1,1,0,3,0,3
"Nigeria","2009",-5,-3,-2,-1,-1,0,-4,-2,-2,3,1,2,0,0,0,3,1,2,8,4,4,1,1,0,7,3,4
"Nigeria","2010",5,6,-1,1,1,0,4,5,-1,9,7,2,1,1,0,8,6,2,4,1,3,0,0,0,4,1,3
"Nigeria","2011",1,-1,2,-3,-1,-2,4,0,4,6,2,4,0,0,0,6,2,4,5,3,2,3,1,2,2,2,0
"Nigeria","2012",5,5,0,1,1,0,4,4,0,7,5,2,1,1,0,6,4,2,2,0,2,0,0,0,2,0,2
"Nigeria","2013",0,0,0,-1,-1,0,1,1,0,6,4,2,0,0,0,6,4,2,6,4,2,1,1,0,5,3,2
"Nigeria","2014",9,5,4,0,0,0,9,5,4,13,7,6,0,0,0,13,7,6,4,2,2,0,0,0,4,2,2
"Nigeria","2015",13,5,8,0,0,0,13,5,8,14,6,8,0,0,0,14,6,8,1,1,0,0,0,0,1,1,0
"Nigeria","2016",16,9,7,0,0,0,16,9,7,20,13,7,0,0,0,20,13,7,4,4,0,0,0,0,4,4,0
"Nigeria","2017",26,12,14,-1,-1,0,27,13,14,31,16,15,0,0,0,31,16,15,5,4,1,1,1,0,4,3,1
"Nigeria","2018",17,6,11,1,1,0,16,5,11,24,11,13,3,2,1,21,9,12,7,5,2,2,1,1,5,4,1
"Nigeria","2019",21,12,9,0,0,0,21,12,9,29,17,12,0,0,0,29,17,12,8,5,3,0,0,0,8,5,3
"Nicaragua","2004",0,0,0,0,0,0,0,0,0,0,0,0,0,0,0,0,0,0,0,0,0,0,0,0,0,0,0
"Nicaragua","2005",0,0,0,0,0,0,0,0,0,0,0,0,0,0,0,0,0,0,0,0,0,0,0,0,0,0,0
"Nicaragua","2006",0,0,0,0,0,0,0,0,0,0,0,0,0,0,0,0,0,0,0,0,0,0,0,0,0,0,0
"Nicaragua","2007",1,0,1,0,0,0,1,0,1,4,2,2,3,2,1,1,0,1,3,2,1,3,2,1,0,0,0
"Nicaragua","2008",-1,0,-1,0,0,0,-1,0,-1,1,1,0,0,0,0,1,1,0,2,1,1,0,0,0,2,1,1
"Nicaragua","2009",0,0,0,0,0,0,0,0,0,1,0,1,0,0,0,1,0,1,1,0,1,0,0,0,1,0,1
"Nicaragua","2010",0,0,0,0,0,0,0,0,0,2,1,1,0,0,0,2,1,1,2,1,1,0,0,0,2,1,1
"Nicaragua","2011",1,1,0,0,0,0,1,1,0,2,1,1,0,0,0,2,1,1,1,0,1,0,0,0,1,0,1
"Nicaragua","2012",2,0,2,0,0,0,2,0,2,2,0,2,0,0,0,2,0,2,0,0,0,0,0,0,0,0,0
"Nicaragua","2013",2,0,2,0,0,0,2,0,2,2,0,2,0,0,0,2,0,2,0,0,0,0,0,0,0,0,0
"Nicaragua","2014",-4,0,-4,0,0,0,-4,0,-4,1,0,1,0,0,0,1,0,1,5,0,5,0,0,0,5,0,5
"Nicaragua","2015",-1,0,-1,-1,0,-1,0,0,0,0,0,0,0,0,0,0,0,0,1,0,1,1,0,1,0,0,0
"Nicaragua","2016",1,0,1,1,0,1,0,0,0,2,1,1,2,1,1,0,0,0,1,1,0,1,1,0,0,0,0
"Nicaragua","2017",1,1,0,-1,0,-1,2,1,1,2,1,1,0,0,0,2,1,1,1,0,1,1,0,1,0,0,0
"Nicaragua","2018",0,-1,1,1,0,1,-1,-1,0,1,0,1,1,0,1,0,0,0,1,1,0,0,0,0,1,1,0
"Nicaragua","2019",1,0,1,0,0,0,1,0,1,1,0,1,0,0,0,1,0,1,0,0,0,0,0,0,0,0,0
"Netherlands","2004",-9,-7,-2,-9,-9,0,0,2,-2,55,25,30,33,14,19,22,11,11,64,32,32,42,23,19,22,9,13
"Netherlands","2005",43,21,22,31,17,14,12,4,8,74,35,39,52,26,26,22,9,13,31,14,17,21,9,12,10,5,5
"Netherlands","2006",27,15,12,20,9,11,7,6,1,56,26,30,34,14,20,22,12,10,29,11,18,14,5,9,15,6,9
"Netherlands","2007",29,16,13,3,1,2,26,15,11,64,34,30,29,14,15,35,20,15,35,18,17,26,13,13,9,5,4
"Netherlands","2008",-2,-5,3,-10,-4,-6,8,-1,9,69,29,40,35,18,17,34,11,23,71,34,37,45,22,23,26,12,14
"Netherlands","2009",12,7,5,4,1,3,8,6,2,78,39,39,36,17,19,42,22,20,66,32,34,32,16,16,34,16,18
"Netherlands","2010",-27,-23,-4,-25,-19,-6,-2,-4,2,45,15,30,17,7,10,28,8,20,72,38,34,42,26,16,30,12,18
"Netherlands","2011",-6,-4,-2,6,1,5,-12,-5,-7,50,22,28,21,10,11,29,12,17,56,26,30,15,9,6,41,17,24
"Netherlands","2012",14,11,3,20,9,11,-6,2,-8,49,25,24,33,16,17,16,9,7,35,14,21,13,7,6,22,7,15
"Netherlands","2013",-28,-10,-18,-22,-10,-12,-6,0,-6,28,15,13,11,5,6,17,10,7,56,25,31,33,15,18,23,10,13
"Netherlands","2014",20,8,12,6,1,5,14,7,7,63,32,31,28,13,15,35,19,16,43,24,19,22,12,10,21,12,9
"Netherlands","2015",8,7,1,-11,-7,-4,19,14,5,50,24,26,16,6,10,34,18,16,42,17,25,27,13,14,15,4,11
"Netherlands","2016",4,-2,6,-4,-6,2,8,4,4,72,33,39,32,13,19,40,20,20,68,35,33,36,19,17,32,16,16
"Netherlands","2017",6,9,-3,-9,-2,-7,15,11,4,77,41,36,26,13,13,51,28,23,71,32,39,35,15,20,36,17,19
"Netherlands","2018",-21,-14,-7,-48,-27,-21,27,13,14,78,39,39,17,7,10,61,32,29,99,53,46,65,34,31,34,19,15
"Netherlands","2019",16,19,-3,-3,4,-7,19,15,4,84,45,39,27,13,14,57,32,25,68,26,42,30,9,21,38,17,21
"Norway","2004",130,89,41,149,95,54,-19,-6,-13,444,233,211,397,207,190,47,26,21,314,144,170,248,112,136,66,32,34
"Norway","2005",205,95,110,171,85,86,34,10,24,487,248,239,413,216,197,74,32,42,282,153,129,242,131,111,40,22,18
"Norway","2006",57,43,14,47,39,8,10,4,6,350,179,171,272,148,124,78,31,47,293,136,157,225,109,116,68,27,41
"Norway","2007",-44,-15,-29,-31,-16,-15,-13,1,-14,299,163,136,238,128,110,61,35,26,343,178,165,269,144,125,74,34,40
"Norway","2008",-87,-64,-23,-91,-63,-28,4,-1,5,236,115,121,187,93,94,49,22,27,323,179,144,278,156,122,45,23,22
"Norway","2009",-1275,-743,-532,-1216,-718,-498,-59,-25,-34,301,176,125,270,159,111,31,17,14,1576,919,657,1486,877,609,90,42,48
"Norway","2010",-975,-515,-460,-937,-501,-436,-38,-14,-24,564,327,237,522,307,215,42,20,22,1539,842,697,1459,808,651,80,34,46
"Norway","2011",-983,-558,-425,-936,-536,-400,-47,-22,-25,616,359,257,572,334,238,44,25,19,1599,917,682,1508,870,638,91,47,44
"Norway","2012",-694,-384,-310,-657,-371,-286,-37,-13,-24,783,441,342,738,416,322,45,25,20,1477,825,652,1395,787,608,82,38,44
"Norway","2013",-298,-135,-163,-301,-141,-160,3,6,-3,757,444,313,695,405,290,62,39,23,1055,579,476,996,546,450,59,33,26
"Norway","2014",-387,-177,-210,-382,-178,-204,-5,1,-6,674,372,302,622,342,280,52,30,22,1061,549,512,1004,520,484,57,29,28
"Norway","2015",-307,-115,-192,-305,-109,-196,-2,-6,4,680,396,284,632,371,261,48,25,23,987,511,476,937,480,457,50,31,19
"Norway","2016",363,215,148,338,195,143,25,20,5,938,507,431,857,465,392,81,42,39,575,292,283,519,270,249,56,22,34
"Norway","2017",472,275,197,442,250,192,30,25,5,879,493,386,790,439,351,89,54,35,407,218,189,348,189,159,59,29,30
"Norway","2018",209,137,72,178,116,62,31,21,10,671,377,294,574,320,254,97,57,40,462,240,222,396,204,192,66,36,30
"Norway","2019",145,76,69,134,68,66,11,8,3,479,251,228,407,207,200,72,44,28,334,175,159,273,139,134,61,36,25
"Nepal","2004",10,8,2,0,0,0,10,8,2,10,8,2,0,0,0,10,8,2,0,0,0,0,0,0,0,0,0
"Nepal","2005",22,19,3,0,0,0,22,19,3,22,19,3,0,0,0,22,19,3,0,0,0,0,0,0,0,0,0
"Nepal","2006",9,3,6,0,0,0,9,3,6,9,3,6,0,0,0,9,3,6,0,0,0,0,0,0,0,0,0
"Nepal","2007",1,-3,4,0,0,0,1,-3,4,11,6,5,0,0,0,11,6,5,10,9,1,0,0,0,10,9,1
"Nepal","2008",6,0,6,0,0,0,6,0,6,14,8,6,0,0,0,14,8,6,8,8,0,0,0,0,8,8,0
"Nepal","2009",2,-2,4,0,0,0,2,-2,4,9,4,5,0,0,0,9,4,5,7,6,1,0,0,0,7,6,1
"Nepal","2010",2,2,0,0,0,0,2,2,0,9,7,2,0,0,0,9,7,2,7,5,2,0,0,0,7,5,2
"Nepal","2011",0,0,0,-1,-1,0,1,1,0,4,4,0,0,0,0,4,4,0,4,4,0,1,1,0,3,3,0
"Nepal","2012",5,3,2,0,0,0,5,3,2,5,3,2,0,0,0,5,3,2,0,0,0,0,0,0,0,0,0
"Nepal","2013",3,-2,5,0,0,0,3,-2,5,10,5,5,0,0,0,10,5,5,7,7,0,0,0,0,7,7,0
"Nepal","2014",0,3,-3,0,0,0,0,3,-3,13,12,1,0,0,0,13,12,1,13,9,4,0,0,0,13,9,4
"Nepal","2015",6,3,3,0,0,0,6,3,3,9,6,3,0,0,0,9,6,3,3,3,0,0,0,0,3,3,0
"Nepal","2016",5,4,1,0,0,0,5,4,1,12,9,3,0,0,0,12,9,3,7,5,2,0,0,0,7,5,2
"Nepal","2017",2,-1,3,0,0,0,2,-1,3,14,10,4,0,0,0,14,10,4,12,11,1,0,0,0,12,11,1
"Nepal","2018",8,4,4,0,0,0,8,4,4,17,8,9,0,0,0,17,8,9,9,4,5,0,0,0,9,4,5
"Nepal","2019",3,0,3,0,0,0,3,0,3,17,13,4,0,0,0,17,13,4,14,13,1,0,0,0,14,13,1
"Nauru","2004",0,0,0,0,0,0,0,0,0,0,0,0,0,0,0,0,0,0,0,0,0,0,0,0,0,0,0
"Nauru","2005",0,0,0,0,0,0,0,0,0,0,0,0,0,0,0,0,0,0,0,0,0,0,0,0,0,0,0
"Nauru","2006",0,0,0,0,0,0,0,0,0,0,0,0,0,0,0,0,0,0,0,0,0,0,0,0,0,0,0
"Nauru","2007",1,0,1,0,0,0,1,0,1,1,0,1,0,0,0,1,0,1,0,0,0,0,0,0,0,0,0
"Nauru","2008",-1,0,-1,0,0,0,-1,0,-1,0,0,0,0,0,0,0,0,0,1,0,1,0,0,0,1,0,1
"Nauru","2009",0,0,0,0,0,0,0,0,0,0,0,0,0,0,0,0,0,0,0,0,0,0,0,0,0,0,0
"Nauru","2010",0,0,0,0,0,0,0,0,0,0,0,0,0,0,0,0,0,0,0,0,0,0,0,0,0,0,0
"Nauru","2011",0,0,0,0,0,0,0,0,0,0,0,0,0,0,0,0,0,0,0,0,0,0,0,0,0,0,0
"Nauru","2012",0,0,0,0,0,0,0,0,0,0,0,0,0,0,0,0,0,0,0,0,0,0,0,0,0,0,0
"Nauru","2013",0,0,0,0,0,0,0,0,0,0,0,0,0,0,0,0,0,0,0,0,0,0,0,0,0,0,0
"Nauru","2014",0,0,0,0,0,0,0,0,0,0,0,0,0,0,0,0,0,0,0,0,0,0,0,0,0,0,0
"Nauru","2015",0,0,0,0,0,0,0,0,0,0,0,0,0,0,0,0,0,0,0,0,0,0,0,0,0,0,0
"Nauru","2016",0,0,0,0,0,0,0,0,0,0,0,0,0,0,0,0,0,0,0,0,0,0,0,0,0,0,0
"Nauru","2017",0,0,0,0,0,0,0,0,0,0,0,0,0,0,0,0,0,0,0,0,0,0,0,0,0,0,0
"Nauru","2018",0,0,0,0,0,0,0,0,0,0,0,0,0,0,0,0,0,0,0,0,0,0,0,0,0,0,0
"Nauru","2019",0,0,0,0,0,0,0,0,0,0,0,0,0,0,0,0,0,0,0,0,0,0,0,0,0,0,0
"New Zealand","2004",-13,-6,-7,-10,-3,-7,-3,-3,0,2,2,0,2,2,0,0,0,0,15,8,7,12,5,7,3,3,0
"New Zealand","2005",-5,-1,-4,-13,-7,-6,8,6,2,13,7,6,4,1,3,9,6,3,18,8,10,17,8,9,1,0,1
"New Zealand","2006",14,12,2,4,1,3,10,11,-1,25,17,8,10,4,6,15,13,2,11,5,6,6,3,3,5,2,3
"New Zealand","2007",12,7,5,10,6,4,2,1,1,21,13,8,15,8,7,6,5,1,9,6,3,5,2,3,4,4,0
"New Zealand","2008",-2,-2,0,-1,0,-1,-1,-2,1,9,6,3,2,0,2,7,6,1,11,8,3,3,0,3,8,8,0
"New Zealand","2009",-19,-8,-11,-10,-4,-6,-9,-4,-5,6,3,3,1,0,1,5,3,2,25,11,14,11,4,7,14,7,7
"New Zealand","2010",2,0,2,-2,-1,-1,4,1,3,9,4,5,1,1,0,8,3,5,7,4,3,3,2,1,4,2,2
"New Zealand","2011",-5,-1,-4,-7,-3,-4,2,2,0,14,7,7,9,4,5,5,3,2,19,8,11,16,7,9,3,1,2
"New Zealand","2012",-25,-14,-11,-30,-17,-13,5,3,2,9,5,4,3,2,1,6,3,3,34,19,15,33,19,14,1,0,1
"New Zealand","2013",-6,1,-7,2,6,-4,-8,-5,-3,27,18,9,22,17,5,5,1,4,33,17,16,20,11,9,13,6,7
"New Zealand","2014",16,6,10,15,4,11,1,2,-1,23,10,13,19,7,12,4,3,1,7,4,3,4,3,1,3,1,2
"New Zealand","2015",14,9,5,10,6,4,4,3,1,17,10,7,11,6,5,6,4,2,3,1,2,1,0,1,2,1,1
"New Zealand","2016",12,7,5,3,2,1,9,5,4,18,11,7,6,3,3,12,8,4,6,4,2,3,1,2,3,3,0
"New Zealand","2017",4,6,-2,-1,0,-1,5,6,-1,15,11,4,4,2,2,11,9,2,11,5,6,5,2,3,6,3,3
"New Zealand","2018",5,4,1,4,3,1,1,1,0,16,12,4,6,4,2,10,8,2,11,8,3,2,1,1,9,7,2
"New Zealand","2019",2,0,2,0,-1,1,2,1,1,15,10,5,6,2,4,9,8,1,13,10,3,6,3,3,7,7,0
"Oman","2004",0,0,0,0,0,0,0,0,0,0,0,0,0,0,0,0,0,0,0,0,0,0,0,0,0,0,0
"Oman","2005",0,0,0,0,0,0,0,0,0,0,0,0,0,0,0,0,0,0,0,0,0,0,0,0,0,0,0
"Oman","2006",0,0,0,0,0,0,0,0,0,0,0,0,0,0,0,0,0,0,0,0,0,0,0,0,0,0,0
"Oman","2007",0,0,0,0,0,0,0,0,0,0,0,0,0,0,0,0,0,0,0,0,0,0,0,0,0,0,0
"Oman","2008",-1,0,-1,0,0,0,-1,0,-1,1,1,0,1,1,0,0,0,0,2,1,1,1,1,0,1,0,1
"Oman","2009",0,0,0,0,0,0,0,0,0,0,0,0,0,0,0,0,0,0,0,0,0,0,0,0,0,0,0
"Oman","2010",1,1,0,-1,-1,0,2,2,0,2,2,0,0,0,0,2,2,0,1,1,0,1,1,0,0,0,0
"Oman","2011",0,0,0,0,0,0,0,0,0,0,0,0,0,0,0,0,0,0,0,0,0,0,0,0,0,0,0
"Oman","2012",-2,0,-2,-2,0,-2,0,0,0,0,0,0,0,0,0,0,0,0,2,0,2,2,0,2,0,0,0
"Oman","2013",0,0,0,0,0,0,0,0,0,0,0,0,0,0,0,0,0,0,0,0,0,0,0,0,0,0,0
"Oman","2014",0,0,0,0,0,0,0,0,0,0,0,0,0,0,0,0,0,0,0,0,0,0,0,0,0,0,0
"Oman","2015",-2,-4,2,-2,-4,2,0,0,0,3,0,3,3,0,3,0,0,0,5,4,1,5,4,1,0,0,0
"Oman","2016",-6,-2,-4,-4,0,-4,-2,-2,0,0,0,0,0,0,0,0,0,0,6,2,4,4,0,4,2,2,0
"Oman","2017",9,4,5,9,4,5,0,0,0,9,4,5,9,4,5,0,0,0,0,0,0,0,0,0,0,0,0
"Oman","2018",1,1,0,0,0,0,1,1,0,1,1,0,0,0,0,1,1,0,0,0,0,0,0,0,0,0,0
"Oman","2019",1,1,0,0,0,0,1,1,0,1,1,0,0,0,0,1,1,0,0,0,0,0,0,0,0,0,0
"Panama","2004",-2,-1,-1,-2,-1,-1,0,0,0,0,0,0,0,0,0,0,0,0,2,1,1,2,1,1,0,0,0
"Panama","2005",3,2,1,3,2,1,0,0,0,3,2,1,3,2,1,0,0,0,0,0,0,0,0,0,0,0,0
"Panama","2006",1,1,0,0,0,0,1,1,0,1,1,0,0,0,0,1,1,0,0,0,0,0,0,0,0,0,0
"Panama","2007",0,-1,1,0,0,0,0,-1,1,1,0,1,0,0,0,1,0,1,1,1,0,0,0,0,1,1,0
"Panama","2008",3,3,0,0,0,0,3,3,0,3,3,0,0,0,0,3,3,0,0,0,0,0,0,0,0,0,0
"Panama","2009",-3,-2,-1,-3,-2,-1,0,0,0,0,0,0,0,0,0,0,0,0,3,2,1,3,2,1,0,0,0
"Panama","2010",-4,-1,-3,-3,0,-3,-1,-1,0,1,1,0,1,1,0,0,0,0,5,2,3,4,1,3,1,1,0
"Panama","2011",-2,-1,-1,-3,-2,-1,1,1,0,2,1,1,1,0,1,1,1,0,4,2,2,4,2,2,0,0,0
"Panama","2012",7,4,3,6,3,3,1,1,0,7,4,3,6,3,3,1,1,0,0,0,0,0,0,0,0,0,0
"Panama","2013",0,0,0,0,0,0,0,0,0,0,0,0,0,0,0,0,0,0,0,0,0,0,0,0,0,0,0
"Panama","2014",1,0,1,0,0,0,1,0,1,1,0,1,0,0,0,1,0,1,0,0,0,0,0,0,0,0,0
"Panama","2015",-2,-1,-1,-1,-1,0,-1,0,-1,0,0,0,0,0,0,0,0,0,2,1,1,1,1,0,1,0,1
"Panama","2016",1,1,0,0,0,0,1,1,0,1,1,0,0,0,0,1,1,0,0,0,0,0,0,0,0,0,0
"Panama","2017",2,1,1,1,1,0,1,0,1,2,1,1,1,1,0,1,0,1,0,0,0,0,0,0,0,0,0
"Panama","2018",2,2,0,0,0,0,2,2,0,2,2,0,0,0,0,2,2,0,0,0,0,0,0,0,0,0,0
"Panama","2019",0,0,0,0,0,0,0,0,0,3,2,1,1,1,0,2,1,1,3,2,1,1,1,0,2,1,1
"Peru","2004",7,3,4,0,0,0,7,3,4,7,3,4,0,0,0,7,3,4,0,0,0,0,0,0,0,0,0
"Peru","2005",3,1,2,0,0,0,3,1,2,4,1,3,0,0,0,4,1,3,1,0,1,0,0,0,1,0,1
"Peru","2006",9,3,6,-1,0,-1,10,3,7,10,3,7,0,0,0,10,3,7,1,0,1,1,0,1,0,0,0
"Peru","2007",6,-1,7,3,1,2,3,-2,5,11,3,8,3,1,2,8,2,6,5,4,1,0,0,0,5,4,1
"Peru","2008",-1,-2,1,-3,-1,-2,2,-1,3,5,1,4,0,0,0,5,1,4,6,3,3,3,1,2,3,2,1
"Peru","2009",-1,-2,1,0,-1,1,-1,-1,0,4,1,3,3,1,2,1,0,1,5,3,2,3,2,1,2,1,1
"Peru","2010",1,-1,2,-3,-1,-2,4,0,4,5,0,5,0,0,0,5,0,5,4,1,3,3,1,2,1,0,1
"Peru","2011",0,1,-1,1,1,0,-1,0,-1,3,1,2,1,1,0,2,0,2,3,0,3,0,0,0,3,0,3
"Peru","2012",2,0,2,0,0,0,2,0,2,3,1,2,0,0,0,3,1,2,1,1,0,0,0,0,1,1,0
"Peru","2013",0,-1,1,0,0,0,0,-1,1,4,2,2,0,0,0,4,2,2,4,3,1,0,0,0,4,3,1
"Peru","2014",0,0,0,-1,0,-1,1,0,1,1,0,1,0,0,0,1,0,1,1,0,1,1,0,1,0,0,0
"Peru","2015",0,1,-1,0,0,0,0,1,-1,2,1,1,1,0,1,1,1,0,2,0,2,1,0,1,1,0,1
"Peru","2016",7,3,4,1,1,0,6,2,4,9,3,6,2,1,1,7,2,5,2,0,2,1,0,1,1,0,1
"Peru","2017",7,2,5,0,0,0,7,2,5,8,3,5,0,0,0,8,3,5,1,1,0,0,0,0,1,1,0
"Peru","2018",4,2,2,-1,0,-1,5,2,3,6,2,4,0,0,0,6,2,4,2,0,2,1,0,1,1,0,1
"Peru","2019",4,2,2,0,0,0,4,2,2,6,3,3,0,0,0,6,3,3,2,1,1,0,0,0,2,1,1
"French Polynesia","2004",0,0,0,0,0,0,0,0,0,0,0,0,0,0,0,0,0,0,0,0,0,0,0,0,0,0,0
"French Polynesia","2005",0,0,0,0,0,0,0,0,0,0,0,0,0,0,0,0,0,0,0,0,0,0,0,0,0,0,0
"French Polynesia","2006",0,0,0,0,0,0,0,0,0,0,0,0,0,0,0,0,0,0,0,0,0,0,0,0,0,0,0
"French Polynesia","2007",0,0,0,0,0,0,0,0,0,0,0,0,0,0,0,0,0,0,0,0,0,0,0,0,0,0,0
"French Polynesia","2008",0,0,0,0,0,0,0,0,0,0,0,0,0,0,0,0,0,0,0,0,0,0,0,0,0,0,0
"French Polynesia","2009",0,0,0,0,0,0,0,0,0,0,0,0,0,0,0,0,0,0,0,0,0,0,0,0,0,0,0
"French Polynesia","2010",0,0,0,0,0,0,0,0,0,0,0,0,0,0,0,0,0,0,0,0,0,0,0,0,0,0,0
"French Polynesia","2011",0,0,0,0,0,0,0,0,0,0,0,0,0,0,0,0,0,0,0,0,0,0,0,0,0,0,0
"French Polynesia","2012",0,0,0,0,0,0,0,0,0,0,0,0,0,0,0,0,0,0,0,0,0,0,0,0,0,0,0
"French Polynesia","2013",0,0,0,0,0,0,0,0,0,0,0,0,0,0,0,0,0,0,0,0,0,0,0,0,0,0,0
"French Polynesia","2014",0,0,0,0,0,0,0,0,0,0,0,0,0,0,0,0,0,0,0,0,0,0,0,0,0,0,0
"French Polynesia","2015",0,0,0,0,0,0,0,0,0,0,0,0,0,0,0,0,0,0,0,0,0,0,0,0,0,0,0
"French Polynesia","2016",0,0,0,0,0,0,0,0,0,0,0,0,0,0,0,0,0,0,0,0,0,0,0,0,0,0,0
"French Polynesia","2017",0,0,0,0,0,0,0,0,0,0,0,0,0,0,0,0,0,0,0,0,0,0,0,0,0,0,0
"French Polynesia","2018",0,0,0,0,0,0,0,0,0,0,0,0,0,0,0,0,0,0,0,0,0,0,0,0,0,0,0
"French Polynesia","2019",0,0,0,0,0,0,0,0,0,0,0,0,0,0,0,0,0,0,0,0,0,0,0,0,0,0,0
"Papua New Guinea","2004",0,0,0,0,0,0,0,0,0,0,0,0,0,0,0,0,0,0,0,0,0,0,0,0,0,0,0
"Papua New Guinea","2005",0,0,0,0,0,0,0,0,0,0,0,0,0,0,0,0,0,0,0,0,0,0,0,0,0,0,0
"Papua New Guinea","2006",1,1,0,0,0,0,1,1,0,1,1,0,0,0,0,1,1,0,0,0,0,0,0,0,0,0,0
"Papua New Guinea","2007",0,0,0,0,0,0,0,0,0,0,0,0,0,0,0,0,0,0,0,0,0,0,0,0,0,0,0
"Papua New Guinea","2008",0,0,0,0,0,0,0,0,0,0,0,0,0,0,0,0,0,0,0,0,0,0,0,0,0,0,0
"Papua New Guinea","2009",0,0,0,0,0,0,0,0,0,0,0,0,0,0,0,0,0,0,0,0,0,0,0,0,0,0,0
"Papua New Guinea","2010",-1,-1,0,-1,-1,0,0,0,0,0,0,0,0,0,0,0,0,0,1,1,0,1,1,0,0,0,0
"Papua New Guinea","2011",1,1,0,1,1,0,0,0,0,1,1,0,1,1,0,0,0,0,0,0,0,0,0,0,0,0,0
"Papua New Guinea","2012",2,1,1,0,0,0,2,1,1,2,1,1,0,0,0,2,1,1,0,0,0,0,0,0,0,0,0
"Papua New Guinea","2013",1,1,0,0,0,0,1,1,0,1,1,0,0,0,0,1,1,0,0,0,0,0,0,0,0,0,0
"Papua New Guinea","2014",-3,-2,-1,0,0,0,-3,-2,-1,1,0,1,0,0,0,1,0,1,4,2,2,0,0,0,4,2,2
"Papua New Guinea","2015",-1,-1,0,0,0,0,-1,-1,0,0,0,0,0,0,0,0,0,0,1,1,0,0,0,0,1,1,0
"Papua New Guinea","2016",0,0,0,0,0,0,0,0,0,0,0,0,0,0,0,0,0,0,0,0,0,0,0,0,0,0,0
"Papua New Guinea","2017",0,0,0,0,0,0,0,0,0,0,0,0,0,0,0,0,0,0,0,0,0,0,0,0,0,0,0
"Papua New Guinea","2018",1,1,0,0,0,0,1,1,0,1,1,0,0,0,0,1,1,0,0,0,0,0,0,0,0,0,0
"Papua New Guinea","2019",0,0,0,1,1,0,-1,-1,0,1,1,0,1,1,0,0,0,0,1,1,0,0,0,0,1,1,0
"Philippines","2004",89,37,52,-5,-2,-3,94,39,55,101,41,60,0,0,0,101,41,60,12,4,8,5,2,3,7,2,5
"Philippines","2005",164,74,90,1,-1,2,163,75,88,172,78,94,3,0,3,169,78,91,8,4,4,2,1,1,6,3,3
"Philippines","2006",95,47,48,-5,-3,-2,100,50,50,128,61,67,7,2,5,121,59,62,33,14,19,12,5,7,21,9,12
"Philippines","2007",25,-3,28,-3,2,-5,28,-5,33,96,39,57,10,6,4,86,33,53,71,42,29,13,4,9,58,38,20
"Philippines","2008",65,12,53,2,2,0,63,10,53,96,25,71,6,3,3,90,22,68,31,13,18,4,1,3,27,12,15
"Philippines","2009",18,5,13,-1,-3,2,19,8,11,57,18,39,5,2,3,52,16,36,39,13,26,6,5,1,33,8,25
"Philippines","2010",33,20,13,-2,0,-2,35,20,15,55,26,29,3,2,1,52,24,28,22,6,16,5,2,3,17,4,13
"Philippines","2011",47,27,20,3,1,2,44,26,18,56,31,25,5,2,3,51,29,22,9,4,5,2,1,1,7,3,4
"Philippines","2012",39,9,30,-1,0,-1,40,9,31,55,14,41,3,1,2,52,13,39,16,5,11,4,1,3,12,4,8
"Philippines","2013",52,18,34,-5,-3,-2,57,21,36,71,26,45,3,2,1,68,24,44,19,8,11,8,5,3,11,3,8
"Philippines","2014",30,9,21,0,0,0,30,9,21,49,21,28,4,3,1,45,18,27,19,12,7,4,3,1,15,9,6
"Philippines","2015",71,15,56,-3,-3,0,74,18,56,85,24,61,1,1,0,84,23,61,14,9,5,4,4,0,10,5,5
"Philippines","2016",84,25,59,-3,-2,-1,87,27,60,113,38,75,5,3,2,108,35,73,29,13,16,8,5,3,21,8,13
"Philippines","2017",154,49,105,1,1,0,153,48,105,186,62,124,6,3,3,180,59,121,32,13,19,5,2,3,27,11,16
"Philippines","2018",223,75,148,-1,-1,0,224,76,148,275,90,185,2,2,0,273,88,185,52,15,37,3,3,0,49,12,37
"Philippines","2019",142,26,116,-1,-2,1,143,28,115,201,46,155,4,3,1,197,43,154,59,20,39,5,5,0,54,15,39
"Pakistan","2004",9,9,0,0,0,0,9,9,0,9,9,0,0,0,0,9,9,0,0,0,0,0,0,0,0,0,0
"Pakistan","2005",52,51,1,0,0,0,52,51,1,53,52,1,0,0,0,53,52,1,1,1,0,0,0,0,1,1,0
"Pakistan","2006",28,27,1,0,0,0,28,27,1,34,33,1,0,0,0,34,33,1,6,6,0,0,0,0,6,6,0
"Pakistan","2007",-44,-48,4,0,0,0,-44,-48,4,10,6,4,0,0,0,10,6,4,54,54,0,0,0,0,54,54,0
"Pakistan","2008",-37,-36,-1,0,0,0,-37,-36,-1,0,0,0,0,0,0,0,0,0,37,36,1,0,0,0,37,36,1
"Pakistan","2009",-8,-6,-2,0,0,0,-8,-6,-2,1,1,0,0,0,0,1,1,0,9,7,2,0,0,0,9,7,2
"Pakistan","2010",4,0,4,0,0,0,4,0,4,4,0,4,0,0,0,4,0,4,0,0,0,0,0,0,0,0,0
"Pakistan","2011",1,1,0,0,0,0,1,1,0,1,1,0,0,0,0,1,1,0,0,0,0,0,0,0,0,0,0
"Pakistan","2012",5,3,2,0,0,0,5,3,2,5,3,2,0,0,0,5,3,2,0,0,0,0,0,0,0,0,0
"Pakistan","2013",2,1,1,0,0,0,2,1,1,3,2,1,0,0,0,3,2,1,1,1,0,0,0,0,1,1,0
"Pakistan","2014",3,1,2,0,0,0,3,1,2,4,1,3,0,0,0,4,1,3,1,0,1,0,0,0,1,0,1
"Pakistan","2015",8,6,2,0,0,0,8,6,2,9,7,2,0,0,0,9,7,2,1,1,0,0,0,0,1,1,0
"Pakistan","2016",6,6,0,0,0,0,6,6,0,10,8,2,0,0,0,10,8,2,4,2,2,0,0,0,4,2,2
"Pakistan","2017",18,14,4,0,0,0,18,14,4,19,15,4,0,0,0,19,15,4,1,1,0,0,0,0,1,1,0
"Pakistan","2018",16,12,4,0,0,0,16,12,4,23,17,6,0,0,0,23,17,6,7,5,2,0,0,0,7,5,2
"Pakistan","2019",11,7,4,0,0,0,11,7,4,17,13,4,0,0,0,17,13,4,6,6,0,0,0,0,6,6,0
"Poland","2004",156,93,63,-1,0,-1,157,93,64,250,141,109,4,2,2,246,139,107,94,48,46,5,2,3,89,46,43
"Poland","2005",1466,1187,279,-10,-4,-6,1476,1191,285,1541,1235,306,2,1,1,1539,1234,305,75,48,27,12,5,7,63,43,20
"Poland","2006",2934,2337,597,-14,-6,-8,2948,2343,605,3331,2688,643,3,2,1,3328,2686,642,397,351,46,17,8,9,380,343,37
"Poland","2007",3948,2481,1467,-17,-6,-11,3965,2487,1478,5653,4088,1565,4,1,3,5649,4087,1562,1705,1607,98,21,7,14,1684,1600,84
"Poland","2008",1108,106,1002,-6,-3,-3,1114,109,1005,3891,2541,1350,6,3,3,3885,2538,1347,2783,2435,348,12,6,6,2771,2429,342
"Poland","2009",-1583,-1470,-113,-54,-30,-24,-1529,-1440,-89,1235,700,535,5,2,3,1230,698,532,2818,2170,648,59,32,27,2759,2138,621
"Poland","2010",-647,-617,-30,-25,-11,-14,-622,-606,-16,822,438,384,10,7,3,812,431,381,1469,1055,414,35,18,17,1434,1037,397
"Poland","2011",-259,-251,-8,-27,-11,-16,-232,-240,8,780,410,370,12,5,7,768,405,363,1039,661,378,39,16,23,1000,645,355
"Poland","2012",136,27,109,-10,0,-10,146,27,119,900,495,405,14,7,7,886,488,398,764,468,296,24,7,17,740,461,279
"Poland","2013",776,414,362,-9,-3,-6,785,417,368,1315,740,575,4,3,1,1311,737,574,539,326,213,13,6,7,526,320,206
"Poland","2014",783,498,285,-9,-2,-7,792,500,292,1406,872,534,13,11,2,1393,861,532,623,374,249,22,13,9,601,361,240
"Poland","2015",1043,697,346,-17,-5,-12,1060,702,358,1602,1026,576,6,4,2,1596,1022,574,559,329,230,23,9,14,536,320,216
"Poland","2016",1720,1287,433,-17,-10,-7,1737,1297,440,2839,1980,859,13,5,8,2826,1975,851,1119,693,426,30,15,15,1089,678,411
"Poland","2017",3167,2176,991,-24,-10,-14,3191,2186,1005,4487,3114,1373,8,7,1,4479,3107,1372,1320,938,382,32,17,15,1288,921,367
"Poland","2018",2084,1301,783,-31,-20,-11,2115,1321,794,3801,2492,1309,4,1,3,3797,2491,1306,1717,1191,526,35,21,14,1682,1170,512
"Poland","2019",1181,628,553,-25,-11,-14,1206,639,567,2650,1600,1050,8,6,2,2642,1594,1048,1469,972,497,33,17,16,1436,955,481
"Puerto Rico","2004",0,0,0,0,0,0,0,0,0,0,0,0,0,0,0,0,0,0,0,0,0,0,0,0,0,0,0
"Puerto Rico","2005",0,0,0,0,0,0,0,0,0,0,0,0,0,0,0,0,0,0,0,0,0,0,0,0,0,0,0
"Puerto Rico","2006",0,0,0,0,0,0,0,0,0,0,0,0,0,0,0,0,0,0,0,0,0,0,0,0,0,0,0
"Puerto Rico","2007",0,0,0,0,0,0,0,0,0,0,0,0,0,0,0,0,0,0,0,0,0,0,0,0,0,0,0
"Puerto Rico","2008",0,0,0,0,0,0,0,0,0,0,0,0,0,0,0,0,0,0,0,0,0,0,0,0,0,0,0
"Puerto Rico","2009",0,0,0,0,0,0,0,0,0,0,0,0,0,0,0,0,0,0,0,0,0,0,0,0,0,0,0
"Puerto Rico","2010",0,0,0,0,0,0,0,0,0,0,0,0,0,0,0,0,0,0,0,0,0,0,0,0,0,0,0
"Puerto Rico","2011",0,0,0,0,0,0,0,0,0,0,0,0,0,0,0,0,0,0,0,0,0,0,0,0,0,0,0
"Puerto Rico","2012",0,0,0,0,0,0,0,0,0,0,0,0,0,0,0,0,0,0,0,0,0,0,0,0,0,0,0
"Puerto Rico","2013",0,0,0,0,0,0,0,0,0,0,0,0,0,0,0,0,0,0,0,0,0,0,0,0,0,0,0
"Puerto Rico","2014",0,0,0,0,0,0,0,0,0,1,0,1,0,0,0,1,0,1,1,0,1,0,0,0,1,0,1
"Puerto Rico","2015",0,0,0,0,0,0,0,0,0,0,0,0,0,0,0,0,0,0,0,0,0,0,0,0,0,0,0
"Puerto Rico","2016",0,0,0,0,0,0,0,0,0,0,0,0,0,0,0,0,0,0,0,0,0,0,0,0,0,0,0
"Puerto Rico","2017",0,0,0,0,0,0,0,0,0,0,0,0,0,0,0,0,0,0,0,0,0,0,0,0,0,0,0
"Puerto Rico","2018",0,0,0,0,0,0,0,0,0,0,0,0,0,0,0,0,0,0,0,0,0,0,0,0,0,0,0
"Puerto Rico","2019",0,0,0,0,0,0,0,0,0,0,0,0,0,0,0,0,0,0,0,0,0,0,0,0,0,0,0
"Palestine","2004",0,0,0,0,0,0,0,0,0,0,0,0,0,0,0,0,0,0,0,0,0,0,0,0,0,0,0
"Palestine","2005",0,0,0,0,0,0,0,0,0,0,0,0,0,0,0,0,0,0,0,0,0,0,0,0,0,0,0
"Palestine","2006",0,0,0,0,0,0,0,0,0,0,0,0,0,0,0,0,0,0,0,0,0,0,0,0,0,0,0
"Palestine","2007",0,0,0,0,0,0,0,0,0,0,0,0,0,0,0,0,0,0,0,0,0,0,0,0,0,0,0
"Palestine","2008",0,0,0,0,0,0,0,0,0,0,0,0,0,0,0,0,0,0,0,0,0,0,0,0,0,0,0
"Palestine","2009",0,0,0,0,0,0,0,0,0,0,0,0,0,0,0,0,0,0,0,0,0,0,0,0,0,0,0
"Palestine","2010",2,1,1,0,0,0,2,1,1,2,1,1,0,0,0,2,1,1,0,0,0,0,0,0,0,0,0
"Palestine","2011",5,4,1,0,0,0,5,4,1,5,4,1,0,0,0,5,4,1,0,0,0,0,0,0,0,0,0
"Palestine","2012",4,1,3,0,0,0,4,1,3,4,1,3,0,0,0,4,1,3,0,0,0,0,0,0,0,0,0
"Palestine","2013",-2,-2,0,0,0,0,-2,-2,0,3,2,1,0,0,0,3,2,1,5,4,1,0,0,0,5,4,1
"Palestine","2014",-2,-1,-1,0,0,0,-2,-1,-1,3,1,2,0,0,0,3,1,2,5,2,3,0,0,0,5,2,3
"Palestine","2015",7,6,1,0,0,0,7,6,1,9,7,2,0,0,0,9,7,2,2,1,1,0,0,0,2,1,1
"Palestine","2016",6,6,0,0,0,0,6,6,0,7,6,1,0,0,0,7,6,1,1,0,1,0,0,0,1,0,1
"Palestine","2017",3,3,0,0,0,0,3,3,0,7,3,4,0,0,0,7,3,4,4,0,4,0,0,0,4,0,4
"Palestine","2018",8,6,2,0,0,0,8,6,2,9,6,3,0,0,0,9,6,3,1,0,1,0,0,0,1,0,1
"Palestine","2019",20,12,8,0,0,0,20,12,8,21,12,9,0,0,0,21,12,9,1,0,1,0,0,0,1,0,1
"Portugal","2004",257,249,8,3,2,1,254,247,7,525,509,16,5,4,1,520,505,15,268,260,8,2,2,0,266,258,8
"Portugal","2005",92,55,37,-1,0,-1,93,55,38,222,182,40,1,1,0,221,181,40,130,127,3,2,1,1,128,126,2
"Portugal","2006",310,270,40,-2,0,-2,312,270,42,357,297,60,0,0,0,357,297,60,47,27,20,2,0,2,45,27,18
"Portugal","2007",184,148,36,5,0,5,179,148,31,246,183,63,6,1,5,240,182,58,62,35,27,1,1,0,61,34,27
"Portugal","2008",-145,-210,65,-2,-1,-1,-143,-209,66,287,200,87,0,0,0,287,200,87,432,410,22,2,1,1,430,409,21
"Portugal","2009",-179,-156,-23,-10,-4,-6,-169,-152,-17,58,35,23,1,1,0,57,34,23,237,191,46,11,5,6,226,186,40
"Portugal","2010",-121,-89,-32,-10,-6,-4,-111,-83,-28,26,15,11,4,1,3,22,14,8,147,104,43,14,7,7,133,97,36
"Portugal","2011",-53,-37,-16,-2,1,-3,-51,-38,-13,42,24,18,6,2,4,36,22,14,95,61,34,8,1,7,87,60,27
"Portugal","2012",8,-2,10,2,-3,5,6,1,5,51,29,22,9,2,7,42,27,15,43,31,12,7,5,2,36,26,10
"Portugal","2013",57,35,22,1,2,-1,56,33,23,93,55,38,5,3,2,88,52,36,36,20,16,4,1,3,32,19,13
"Portugal","2014",71,37,34,9,2,7,62,35,27,101,58,43,9,2,7,92,56,36,30,21,9,0,0,0,30,21,9
"Portugal","2015",65,44,21,-6,-3,-3,71,47,24,123,77,46,6,4,2,117,73,44,58,33,25,12,7,5,46,26,20
"Portugal","2016",150,103,47,-2,1,-3,152,102,50,223,143,80,3,3,0,220,140,80,73,40,33,5,2,3,68,38,30
"Portugal","2017",158,114,44,-3,4,-7,161,110,51,278,188,90,8,6,2,270,182,88,120,74,46,11,2,9,109,72,37
"Portugal","2018",211,176,35,-8,-5,-3,219,181,38,335,258,77,3,3,0,332,255,77,124,82,42,11,8,3,113,74,39
"Portugal","2019",150,130,20,-18,-11,-7,168,141,27,253,191,62,4,2,2,249,189,60,103,61,42,22,13,9,81,48,33
"Paraguay","2004",1,1,0,0,0,0,1,1,0,1,1,0,0,0,0,1,1,0,0,0,0,0,0,0,0,0,0
"Paraguay","2005",1,1,0,0,0,0,1,1,0,1,1,0,0,0,0,1,1,0,0,0,0,0,0,0,0,0,0
"Paraguay","2006",1,1,0,0,0,0,1,1,0,1,1,0,0,0,0,1,1,0,0,0,0,0,0,0,0,0,0
"Paraguay","2007",0,0,0,0,0,0,0,0,0,0,0,0,0,0,0,0,0,0,0,0,0,0,0,0,0,0,0
"Paraguay","2008",-1,-1,0,0,0,0,-1,-1,0,0,0,0,0,0,0,0,0,0,1,1,0,0,0,0,1,1,0
"Paraguay","2009",0,0,0,0,0,0,0,0,0,0,0,0,0,0,0,0,0,0,0,0,0,0,0,0,0,0,0
"Paraguay","2010",1,1,0,0,0,0,1,1,0,1,1,0,0,0,0,1,1,0,0,0,0,0,0,0,0,0,0
"Paraguay","2011",1,0,1,0,0,0,1,0,1,1,0,1,0,0,0,1,0,1,0,0,0,0,0,0,0,0,0
"Paraguay","2012",1,1,0,0,0,0,1,1,0,2,1,1,0,0,0,2,1,1,1,0,1,0,0,0,1,0,1
"Paraguay","2013",0,0,0,0,0,0,0,0,0,0,0,0,0,0,0,0,0,0,0,0,0,0,0,0,0,0,0
"Paraguay","2014",-1,-1,0,0,0,0,-1,-1,0,0,0,0,0,0,0,0,0,0,1,1,0,0,0,0,1,1,0
"Paraguay","2015",-1,-1,0,0,0,0,-1,-1,0,0,0,0,0,0,0,0,0,0,1,1,0,0,0,0,1,1,0
"Paraguay","2016",0,0,0,0,0,0,0,0,0,0,0,0,0,0,0,0,0,0,0,0,0,0,0,0,0,0,0
"Paraguay","2017",0,0,0,0,0,0,0,0,0,0,0,0,0,0,0,0,0,0,0,0,0,0,0,0,0,0,0
"Paraguay","2018",1,0,1,0,0,0,1,0,1,1,0,1,0,0,0,1,0,1,0,0,0,0,0,0,0,0,0
"Paraguay","2019",1,0,1,0,0,0,1,0,1,1,0,1,0,0,0,1,0,1,0,0,0,0,0,0,0,0,0
"Qatar","2004",0,0,0,0,0,0,0,0,0,0,0,0,0,0,0,0,0,0,0,0,0,0,0,0,0,0,0
"Qatar","2005",0,0,0,0,0,0,0,0,0,0,0,0,0,0,0,0,0,0,0,0,0,0,0,0,0,0,0
"Qatar","2006",0,0,0,0,0,0,0,0,0,0,0,0,0,0,0,0,0,0,0,0,0,0,0,0,0,0,0
"Qatar","2007",-1,-1,0,-1,-1,0,0,0,0,0,0,0,0,0,0,0,0,0,1,1,0,1,1,0,0,0,0
"Qatar","2008",0,0,0,0,0,0,0,0,0,0,0,0,0,0,0,0,0,0,0,0,0,0,0,0,0,0,0
"Qatar","2009",-2,-2,0,-2,-2,0,0,0,0,0,0,0,0,0,0,0,0,0,2,2,0,2,2,0,0,0,0
"Qatar","2010",0,0,0,0,0,0,0,0,0,0,0,0,0,0,0,0,0,0,0,0,0,0,0,0,0,0,0
"Qatar","2011",-4,-1,-3,-3,0,-3,-1,-1,0,0,0,0,0,0,0,0,0,0,4,1,3,3,0,3,1,1,0
"Qatar","2012",-5,-3,-2,-5,-3,-2,0,0,0,1,1,0,1,1,0,0,0,0,6,4,2,6,4,2,0,0,0
"Qatar","2013",-1,-1,0,-1,-1,0,0,0,0,0,0,0,0,0,0,0,0,0,1,1,0,1,1,0,0,0,0
"Qatar","2014",0,-1,1,0,-1,1,0,0,0,2,1,1,2,1,1,0,0,0,2,2,0,2,2,0,0,0,0
"Qatar","2015",0,1,-1,0,1,-1,0,0,0,1,1,0,1,1,0,0,0,0,1,0,1,1,0,1,0,0,0
"Qatar","2016",-3,-2,-1,-3,-2,-1,0,0,0,5,4,1,5,4,1,0,0,0,8,6,2,8,6,2,0,0,0
"Qatar","2017",6,4,2,6,4,2,0,0,0,9,5,4,9,5,4,0,0,0,3,1,2,3,1,2,0,0,0
"Qatar","2018",-4,-2,-2,-4,-2,-2,0,0,0,1,1,0,1,1,0,0,0,0,5,3,2,5,3,2,0,0,0
"Qatar","2019",-3,-1,-2,-3,-1,-2,0,0,0,2,1,1,2,1,1,0,0,0,5,2,3,5,2,3,0,0,0
"Kosovo","2004",0,0,0,0,0,0,0,0,0,0,0,0,0,0,0,0,0,0,0,0,0,0,0,0,0,0,0
"Kosovo","2005",0,0,0,0,0,0,0,0,0,0,0,0,0,0,0,0,0,0,0,0,0,0,0,0,0,0,0
"Kosovo","2006",0,0,0,0,0,0,0,0,0,0,0,0,0,0,0,0,0,0,0,0,0,0,0,0,0,0,0
"Kosovo","2007",0,0,0,0,0,0,0,0,0,0,0,0,0,0,0,0,0,0,0,0,0,0,0,0,0,0,0
"Kosovo","2008",1,0,1,0,0,0,1,0,1,1,0,1,0,0,0,1,0,1,0,0,0,0,0,0,0,0,0
"Kosovo","2009",7,2,5,0,0,0,7,2,5,7,2,5,0,0,0,7,2,5,0,0,0,0,0,0,0,0,0
"Kosovo","2010",0,1,-1,0,0,0,0,1,-1,3,2,1,0,0,0,3,2,1,3,1,2,0,0,0,3,1,2
"Kosovo","2011",3,4,-1,0,0,0,3,4,-1,5,5,0,0,0,0,5,5,0,2,1,1,0,0,0,2,1,1
"Kosovo","2012",6,5,1,-1,0,-1,7,5,2,7,5,2,0,0,0,7,5,2,1,0,1,1,0,1,0,0,0
"Kosovo","2013",10,6,4,0,0,0,10,6,4,10,6,4,0,0,0,10,6,4,0,0,0,0,0,0,0,0,0
"Kosovo","2014",5,1,4,0,0,0,5,1,4,8,2,6,0,0,0,8,2,6,3,1,2,0,0,0,3,1,2
"Kosovo","2015",8,3,5,0,0,0,8,3,5,9,4,5,1,1,0,8,3,5,1,1,0,1,1,0,0,0,0
"Kosovo","2016",7,4,3,0,0,0,7,4,3,7,4,3,0,0,0,7,4,3,0,0,0,0,0,0,0,0,0
"Kosovo","2017",6,6,0,0,0,0,6,6,0,10,8,2,2,1,1,8,7,1,4,2,2,2,1,1,2,1,1
"Kosovo","2018",12,7,5,0,0,0,12,7,5,14,9,5,0,0,0,14,9,5,2,2,0,0,0,0,2,2,0
"Kosovo","2019",9,8,1,-4,-1,-3,13,9,4,17,11,6,0,0,0,17,11,6,8,3,5,4,1,3,4,2,2
"Czech Republic and Slovakia, unspecified","2004",0,0,0,0,0,0,0,0,0,0,0,0,0,0,0,0,0,0,0,0,0,0,0,0,0,0,0
"Czech Republic and Slovakia, unspecified","2005",0,0,0,0,0,0,0,0,0,0,0,0,0,0,0,0,0,0,0,0,0,0,0,0,0,0,0
"Czech Republic and Slovakia, unspecified","2006",0,0,0,0,0,0,0,0,0,0,0,0,0,0,0,0,0,0,0,0,0,0,0,0,0,0,0
"Czech Republic and Slovakia, unspecified","2007",0,0,0,0,0,0,0,0,0,0,0,0,0,0,0,0,0,0,0,0,0,0,0,0,0,0,0
"Czech Republic and Slovakia, unspecified","2008",0,0,0,0,0,0,0,0,0,0,0,0,0,0,0,0,0,0,0,0,0,0,0,0,0,0,0
"Czech Republic and Slovakia, unspecified","2009",0,0,0,0,0,0,0,0,0,0,0,0,0,0,0,0,0,0,0,0,0,0,0,0,0,0,0
"Czech Republic and Slovakia, unspecified","2010",0,0,0,0,0,0,0,0,0,0,0,0,0,0,0,0,0,0,0,0,0,0,0,0,0,0,0
"Czech Republic and Slovakia, unspecified","2011",0,0,0,0,0,0,0,0,0,0,0,0,0,0,0,0,0,0,0,0,0,0,0,0,0,0,0
"Czech Republic and Slovakia, unspecified","2012",0,0,0,0,0,0,0,0,0,0,0,0,0,0,0,0,0,0,0,0,0,0,0,0,0,0,0
"Czech Republic and Slovakia, unspecified","2013",0,0,0,0,0,0,0,0,0,0,0,0,0,0,0,0,0,0,0,0,0,0,0,0,0,0,0
"Czech Republic and Slovakia, unspecified","2014",0,0,0,0,0,0,0,0,0,0,0,0,0,0,0,0,0,0,0,0,0,0,0,0,0,0,0
"Czech Republic and Slovakia, unspecified","2015",-1,0,-1,0,0,0,-1,0,-1,0,0,0,0,0,0,0,0,0,1,0,1,0,0,0,1,0,1
"Czech Republic and Slovakia, unspecified","2016",0,0,0,0,0,0,0,0,0,0,0,0,0,0,0,0,0,0,0,0,0,0,0,0,0,0,0
"Czech Republic and Slovakia, unspecified","2017",0,0,0,0,0,0,0,0,0,0,0,0,0,0,0,0,0,0,0,0,0,0,0,0,0,0,0
"Czech Republic and Slovakia, unspecified","2018",0,0,0,0,0,0,0,0,0,0,0,0,0,0,0,0,0,0,0,0,0,0,0,0,0,0,0
"Czech Republic and Slovakia, unspecified","2019",0,0,0,0,0,0,0,0,0,0,0,0,0,0,0,0,0,0,0,0,0,0,0,0,0,0,0
"R�union","2004",0,0,0,0,0,0,0,0,0,0,0,0,0,0,0,0,0,0,0,0,0,0,0,0,0,0,0
"R�union","2005",0,0,0,0,0,0,0,0,0,0,0,0,0,0,0,0,0,0,0,0,0,0,0,0,0,0,0
"R�union","2006",0,0,0,0,0,0,0,0,0,0,0,0,0,0,0,0,0,0,0,0,0,0,0,0,0,0,0
"R�union","2007",0,0,0,0,0,0,0,0,0,0,0,0,0,0,0,0,0,0,0,0,0,0,0,0,0,0,0
"R�union","2008",0,0,0,0,0,0,0,0,0,0,0,0,0,0,0,0,0,0,0,0,0,0,0,0,0,0,0
"R�union","2009",0,0,0,0,0,0,0,0,0,0,0,0,0,0,0,0,0,0,0,0,0,0,0,0,0,0,0
"R�union","2010",0,0,0,0,0,0,0,0,0,0,0,0,0,0,0,0,0,0,0,0,0,0,0,0,0,0,0
"R�union","2011",0,0,0,0,0,0,0,0,0,0,0,0,0,0,0,0,0,0,0,0,0,0,0,0,0,0,0
"R�union","2012",0,0,0,0,0,0,0,0,0,0,0,0,0,0,0,0,0,0,0,0,0,0,0,0,0,0,0
"R�union","2013",0,0,0,0,0,0,0,0,0,0,0,0,0,0,0,0,0,0,0,0,0,0,0,0,0,0,0
"R�union","2014",0,0,0,0,0,0,0,0,0,0,0,0,0,0,0,0,0,0,0,0,0,0,0,0,0,0,0
"R�union","2015",0,0,0,0,0,0,0,0,0,0,0,0,0,0,0,0,0,0,0,0,0,0,0,0,0,0,0
"R�union","2016",0,0,0,0,0,0,0,0,0,0,0,0,0,0,0,0,0,0,0,0,0,0,0,0,0,0,0
"R�union","2017",0,0,0,0,0,0,0,0,0,0,0,0,0,0,0,0,0,0,0,0,0,0,0,0,0,0,0
"R�union","2018",0,0,0,0,0,0,0,0,0,0,0,0,0,0,0,0,0,0,0,0,0,0,0,0,0,0,0
"R�union","2019",0,0,0,0,0,0,0,0,0,0,0,0,0,0,0,0,0,0,0,0,0,0,0,0,0,0,0
"Romania","2004",17,6,11,0,0,0,17,6,11,21,10,11,0,0,0,21,10,11,4,4,0,0,0,0,4,4,0
"Romania","2005",20,13,7,0,0,0,20,13,7,21,13,8,0,0,0,21,13,8,1,0,1,0,0,0,1,0,1
"Romania","2006",22,14,8,0,0,0,22,14,8,34,25,9,0,0,0,34,25,9,12,11,1,0,0,0,12,11,1
"Romania","2007",40,19,21,1,0,1,39,19,20,51,29,22,1,0,1,50,29,21,11,10,1,0,0,0,11,10,1
"Romania","2008",26,15,11,-2,-2,0,28,17,11,53,33,20,0,0,0,53,33,20,27,18,9,2,2,0,25,16,9
"Romania","2009",-17,-15,-2,1,0,1,-18,-15,-3,36,27,9,1,0,1,35,27,8,53,42,11,0,0,0,53,42,11
"Romania","2010",1,-6,7,-2,-1,-1,3,-5,8,22,9,13,1,1,0,21,8,13,21,15,6,3,2,1,18,13,5
"Romania","2011",8,-1,9,-3,-2,-1,11,1,10,19,7,12,0,0,0,19,7,12,11,8,3,3,2,1,8,6,2
"Romania","2012",55,31,24,1,0,1,54,31,23,63,37,26,2,1,1,61,36,25,8,6,2,1,1,0,7,5,2
"Romania","2013",35,23,12,1,1,0,34,22,12,56,33,23,1,1,0,55,32,23,21,10,11,0,0,0,21,10,11
"Romania","2014",84,41,43,0,0,0,84,41,43,104,53,51,0,0,0,104,53,51,20,12,8,0,0,0,20,12,8
"Romania","2015",120,76,44,-1,0,-1,121,76,45,151,95,56,0,0,0,151,95,56,31,19,12,1,0,1,30,19,11
"Romania","2016",170,109,61,-2,-1,-1,172,110,62,228,142,86,0,0,0,228,142,86,58,33,25,2,1,1,56,32,24
"Romania","2017",365,286,79,-1,-1,0,366,287,79,438,326,112,0,0,0,438,326,112,73,40,33,1,1,0,72,39,33
"Romania","2018",463,346,117,0,0,0,463,346,117,602,440,162,0,0,0,602,440,162,139,94,45,0,0,0,139,94,45
"Romania","2019",479,371,108,2,2,0,477,369,108,566,428,138,3,2,1,563,426,137,87,57,30,1,0,1,86,57,29
"Serbia","2004",0,0,0,0,0,0,0,0,0,0,0,0,0,0,0,0,0,0,0,0,0,0,0,0,0,0,0
"Serbia","2005",0,0,0,0,0,0,0,0,0,0,0,0,0,0,0,0,0,0,0,0,0,0,0,0,0,0,0
"Serbia","2006",12,7,5,0,0,0,12,7,5,13,7,6,0,0,0,13,7,6,1,0,1,0,0,0,1,0,1
"Serbia","2007",36,15,21,0,0,0,36,15,21,44,17,27,0,0,0,44,17,27,8,2,6,0,0,0,8,2,6
"Serbia","2008",-5,-9,4,1,0,1,-6,-9,3,26,9,17,1,0,1,25,9,16,31,18,13,0,0,0,31,18,13
"Serbia","2009",-16,-7,-9,-2,0,-2,-14,-7,-7,30,19,11,9,5,4,21,14,7,46,26,20,11,5,6,35,21,14
"Serbia","2010",-7,-2,-5,-3,-1,-2,-4,-1,-3,17,12,5,5,2,3,12,10,2,24,14,10,8,3,5,16,11,5
"Serbia","2011",8,6,2,-1,0,-1,9,6,3,17,10,7,0,0,0,17,10,7,9,4,5,1,0,1,8,4,4
"Serbia","2012",-11,-11,0,-13,-7,-6,2,-4,6,10,2,8,0,0,0,10,2,8,21,13,8,13,7,6,8,6,2
"Serbia","2013",1,-2,3,-3,-2,-1,4,0,4,23,13,10,1,1,0,22,12,10,22,15,7,4,3,1,18,12,6
"Serbia","2014",-1,-3,2,-1,0,-1,0,-3,3,28,16,12,9,5,4,19,11,8,29,19,10,10,5,5,19,14,5
"Serbia","2015",8,4,4,-9,-4,-5,17,8,9,30,17,13,1,1,0,29,16,13,22,13,9,10,5,5,12,8,4
"Serbia","2016",37,19,18,4,3,1,33,16,17,54,30,24,7,5,2,47,25,22,17,11,6,3,2,1,14,9,5
"Serbia","2017",89,67,22,-6,0,-6,95,67,28,111,80,31,1,1,0,110,79,31,22,13,9,7,1,6,15,12,3
"Serbia","2018",132,107,25,-3,-3,0,135,110,25,148,122,26,0,0,0,148,122,26,16,15,1,3,3,0,13,12,1
"Serbia","2019",114,87,27,1,1,0,113,86,27,144,111,33,2,2,0,142,109,33,30,24,6,1,1,0,29,23,6
"Russia","2004",3,0,3,-2,-1,-1,5,1,4,28,13,15,1,1,0,27,12,15,25,13,12,3,2,1,22,11,11
"Russia","2005",28,12,16,0,0,0,28,12,16,40,17,23,0,0,0,40,17,23,12,5,7,0,0,0,12,5,7
"Russia","2006",10,-4,14,-5,-2,-3,15,-2,17,24,2,22,0,0,0,24,2,22,14,6,8,5,2,3,9,4,5
"Russia","2007",22,0,22,-6,-2,-4,28,2,26,43,9,34,0,0,0,43,9,34,21,9,12,6,2,4,15,7,8
"Russia","2008",6,1,5,2,1,1,4,0,4,35,11,24,3,1,2,32,10,22,29,10,19,1,0,1,28,10,18
"Russia","2009",2,1,1,1,1,0,1,0,1,25,7,18,6,4,2,19,3,16,23,6,17,5,3,2,18,3,15
"Russia","2010",14,5,9,-1,0,-1,15,5,10,21,8,13,0,0,0,21,8,13,7,3,4,1,0,1,6,3,3
"Russia","2011",14,0,14,-1,-2,1,15,2,13,26,7,19,1,0,1,25,7,18,12,7,5,2,2,0,10,5,5
"Russia","2012",10,2,8,-5,-2,-3,15,4,11,22,6,16,1,0,1,21,6,15,12,4,8,6,2,4,6,2,4
"Russia","2013",-1,-3,2,-5,-2,-3,4,-1,5,24,5,19,1,1,0,23,4,19,25,8,17,6,3,3,19,5,14
"Russia","2014",11,3,8,-1,-1,0,12,4,8,27,8,19,0,0,0,27,8,19,16,5,11,1,1,0,15,4,11
"Russia","2015",27,7,20,-4,-3,-1,31,10,21,40,15,25,2,1,1,38,14,24,13,8,5,6,4,2,7,4,3
"Russia","2016",40,9,31,1,1,0,39,8,31,54,15,39,2,2,0,52,13,39,14,6,8,1,1,0,13,5,8
"Russia","2017",19,6,13,-1,-1,0,20,7,13,34,10,24,1,0,1,33,10,23,15,4,11,2,1,1,13,3,10
"Russia","2018",31,14,17,2,1,1,29,13,16,40,16,24,2,1,1,38,15,23,9,2,7,0,0,0,9,2,7
"Russia","2019",37,8,29,-1,-1,0,38,9,29,54,15,39,2,1,1,52,14,38,17,7,10,3,2,1,14,5,9
"Rwanda","2004",0,0,0,0,0,0,0,0,0,0,0,0,0,0,0,0,0,0,0,0,0,0,0,0,0,0,0
"Rwanda","2005",0,0,0,0,0,0,0,0,0,0,0,0,0,0,0,0,0,0,0,0,0,0,0,0,0,0,0
"Rwanda","2006",0,0,0,0,0,0,0,0,0,0,0,0,0,0,0,0,0,0,0,0,0,0,0,0,0,0,0
"Rwanda","2007",0,0,0,0,0,0,0,0,0,0,0,0,0,0,0,0,0,0,0,0,0,0,0,0,0,0,0
"Rwanda","2008",0,0,0,0,0,0,0,0,0,1,1,0,0,0,0,1,1,0,1,1,0,0,0,0,1,1,0
"Rwanda","2009",0,0,0,0,0,0,0,0,0,2,1,1,0,0,0,2,1,1,2,1,1,0,0,0,2,1,1
"Rwanda","2010",1,0,1,0,0,0,1,0,1,2,1,1,0,0,0,2,1,1,1,1,0,0,0,0,1,1,0
"Rwanda","2011",0,0,0,0,0,0,0,0,0,1,1,0,0,0,0,1,1,0,1,1,0,0,0,0,1,1,0
"Rwanda","2012",1,1,0,0,0,0,1,1,0,2,1,1,0,0,0,2,1,1,1,0,1,0,0,0,1,0,1
"Rwanda","2013",2,1,1,0,0,0,2,1,1,2,1,1,0,0,0,2,1,1,0,0,0,0,0,0,0,0,0
"Rwanda","2014",-2,0,-2,0,0,0,-2,0,-2,2,1,1,0,0,0,2,1,1,4,1,3,0,0,0,4,1,3
"Rwanda","2015",-1,-1,0,0,0,0,-1,-1,0,0,0,0,0,0,0,0,0,0,1,1,0,0,0,0,1,1,0
"Rwanda","2016",0,0,0,0,0,0,0,0,0,1,1,0,0,0,0,1,1,0,1,1,0,0,0,0,1,1,0
"Rwanda","2017",0,0,0,0,0,0,0,0,0,0,0,0,0,0,0,0,0,0,0,0,0,0,0,0,0,0,0
"Rwanda","2018",0,0,0,0,0,0,0,0,0,0,0,0,0,0,0,0,0,0,0,0,0,0,0,0,0,0,0
"Rwanda","2019",-1,0,-1,-2,-1,-1,1,1,0,1,1,0,0,0,0,1,1,0,2,1,1,2,1,1,0,0,0
"Saudi Arabia","2004",8,8,0,7,7,0,1,1,0,11,11,0,10,10,0,1,1,0,3,3,0,3,3,0,0,0,0
"Saudi Arabia","2005",7,7,0,7,7,0,0,0,0,7,7,0,7,7,0,0,0,0,0,0,0,0,0,0,0,0,0
"Saudi Arabia","2006",5,5,0,5,5,0,0,0,0,5,5,0,5,5,0,0,0,0,0,0,0,0,0,0,0,0,0
"Saudi Arabia","2007",-7,-1,-6,-6,-1,-5,-1,0,-1,5,5,0,5,5,0,0,0,0,12,6,6,11,6,5,1,0,1
"Saudi Arabia","2008",1,-3,4,1,-3,4,0,0,0,6,2,4,6,2,4,0,0,0,5,5,0,5,5,0,0,0,0
"Saudi Arabia","2009",-8,-6,-2,-8,-6,-2,0,0,0,2,2,0,2,2,0,0,0,0,10,8,2,10,8,2,0,0,0
"Saudi Arabia","2010",-8,-7,-1,-7,-6,-1,-1,-1,0,5,5,0,5,5,0,0,0,0,13,12,1,12,11,1,1,1,0
"Saudi Arabia","2011",-8,-9,1,-8,-9,1,0,0,0,3,2,1,3,2,1,0,0,0,11,11,0,11,11,0,0,0,0
"Saudi Arabia","2012",-3,-2,-1,-3,-2,-1,0,0,0,5,4,1,4,4,0,1,0,1,8,6,2,7,6,1,1,0,1
"Saudi Arabia","2013",-3,-4,1,-3,-4,1,0,0,0,10,9,1,10,9,1,0,0,0,13,13,0,13,13,0,0,0,0
"Saudi Arabia","2014",-3,-3,0,-2,-2,0,-1,-1,0,4,4,0,4,4,0,0,0,0,7,7,0,6,6,0,1,1,0
"Saudi Arabia","2015",-2,-2,0,-2,-2,0,0,0,0,9,9,0,9,9,0,0,0,0,11,11,0,11,11,0,0,0,0
"Saudi Arabia","2016",8,11,-3,8,11,-3,0,0,0,14,14,0,14,14,0,0,0,0,6,3,3,6,3,3,0,0,0
"Saudi Arabia","2017",14,10,4,14,10,4,0,0,0,16,12,4,16,12,4,0,0,0,2,2,0,2,2,0,0,0,0
"Saudi Arabia","2018",12,12,0,11,11,0,1,1,0,14,13,1,13,12,1,1,1,0,2,1,1,2,1,1,0,0,0
"Saudi Arabia","2019",3,2,1,2,2,0,1,0,1,4,3,1,3,3,0,1,0,1,1,1,0,1,1,0,0,0,0
"Seychelles","2004",0,0,0,0,0,0,0,0,0,0,0,0,0,0,0,0,0,0,0,0,0,0,0,0,0,0,0
"Seychelles","2005",0,0,0,0,0,0,0,0,0,0,0,0,0,0,0,0,0,0,0,0,0,0,0,0,0,0,0
"Seychelles","2006",0,0,0,0,0,0,0,0,0,0,0,0,0,0,0,0,0,0,0,0,0,0,0,0,0,0,0
"Seychelles","2007",0,0,0,0,0,0,0,0,0,0,0,0,0,0,0,0,0,0,0,0,0,0,0,0,0,0,0
"Seychelles","2008",0,0,0,0,0,0,0,0,0,0,0,0,0,0,0,0,0,0,0,0,0,0,0,0,0,0,0
"Seychelles","2009",0,0,0,0,0,0,0,0,0,0,0,0,0,0,0,0,0,0,0,0,0,0,0,0,0,0,0
"Seychelles","2010",0,0,0,0,0,0,0,0,0,0,0,0,0,0,0,0,0,0,0,0,0,0,0,0,0,0,0
"Seychelles","2011",0,0,0,0,0,0,0,0,0,0,0,0,0,0,0,0,0,0,0,0,0,0,0,0,0,0,0
"Seychelles","2012",0,0,0,0,0,0,0,0,0,0,0,0,0,0,0,0,0,0,0,0,0,0,0,0,0,0,0
"Seychelles","2013",0,0,0,0,0,0,0,0,0,0,0,0,0,0,0,0,0,0,0,0,0,0,0,0,0,0,0
"Seychelles","2014",0,0,0,0,0,0,0,0,0,0,0,0,0,0,0,0,0,0,0,0,0,0,0,0,0,0,0
"Seychelles","2015",0,0,0,0,0,0,0,0,0,0,0,0,0,0,0,0,0,0,0,0,0,0,0,0,0,0,0
"Seychelles","2016",0,0,0,0,0,0,0,0,0,0,0,0,0,0,0,0,0,0,0,0,0,0,0,0,0,0,0
"Seychelles","2017",0,0,0,0,0,0,0,0,0,0,0,0,0,0,0,0,0,0,0,0,0,0,0,0,0,0,0
"Seychelles","2018",1,1,0,0,0,0,1,1,0,1,1,0,0,0,0,1,1,0,0,0,0,0,0,0,0,0,0
"Seychelles","2019",0,0,0,0,0,0,0,0,0,0,0,0,0,0,0,0,0,0,0,0,0,0,0,0,0,0,0
"Sudan","2004",0,0,0,0,0,0,0,0,0,0,0,0,0,0,0,0,0,0,0,0,0,0,0,0,0,0,0
"Sudan","2005",0,0,0,0,0,0,0,0,0,0,0,0,0,0,0,0,0,0,0,0,0,0,0,0,0,0,0
"Sudan","2006",0,0,0,0,0,0,0,0,0,0,0,0,0,0,0,0,0,0,0,0,0,0,0,0,0,0,0
"Sudan","2007",0,0,0,0,0,0,0,0,0,0,0,0,0,0,0,0,0,0,0,0,0,0,0,0,0,0,0
"Sudan","2008",0,0,0,0,0,0,0,0,0,0,0,0,0,0,0,0,0,0,0,0,0,0,0,0,0,0,0
"Sudan","2009",-1,-1,0,-1,-1,0,0,0,0,0,0,0,0,0,0,0,0,0,1,1,0,1,1,0,0,0,0
"Sudan","2010",2,1,1,0,0,0,2,1,1,2,1,1,0,0,0,2,1,1,0,0,0,0,0,0,0,0,0
"Sudan","2011",-1,0,-1,-1,0,-1,0,0,0,0,0,0,0,0,0,0,0,0,1,0,1,1,0,1,0,0,0
"Sudan","2012",0,0,0,0,0,0,0,0,0,0,0,0,0,0,0,0,0,0,0,0,0,0,0,0,0,0,0
"Sudan","2013",0,0,0,0,0,0,0,0,0,0,0,0,0,0,0,0,0,0,0,0,0,0,0,0,0,0,0
"Sudan","2014",0,0,0,0,0,0,0,0,0,0,0,0,0,0,0,0,0,0,0,0,0,0,0,0,0,0,0
"Sudan","2015",0,0,0,0,0,0,0,0,0,1,1,0,0,0,0,1,1,0,1,1,0,0,0,0,1,1,0
"Sudan","2016",1,1,0,0,0,0,1,1,0,1,1,0,0,0,0,1,1,0,0,0,0,0,0,0,0,0,0
"Sudan","2017",1,1,0,0,0,0,1,1,0,1,1,0,0,0,0,1,1,0,0,0,0,0,0,0,0,0,0
"Sudan","2018",2,1,1,0,0,0,2,1,1,3,2,1,0,0,0,3,2,1,1,1,0,0,0,0,1,1,0
"Sudan","2019",6,4,2,0,0,0,6,4,2,6,4,2,0,0,0,6,4,2,0,0,0,0,0,0,0,0,0
"Sweden","2004",-43,-16,-27,-21,-1,-20,-22,-15,-7,388,201,187,311,174,137,77,27,50,431,217,214,332,175,157,99,42,57
"Sweden","2005",70,47,23,19,25,-6,51,22,29,522,262,260,394,205,189,128,57,71,452,215,237,375,180,195,77,35,42
"Sweden","2006",-42,-7,-35,-60,-12,-48,18,5,13,433,216,217,323,170,153,110,46,64,475,223,252,383,182,201,92,41,51
"Sweden","2007",151,68,83,65,26,39,86,42,44,610,287,323,428,205,223,182,82,100,459,219,240,363,179,184,96,40,56
"Sweden","2008",-206,-88,-118,-158,-70,-88,-48,-18,-30,375,197,178,294,161,133,81,36,45,581,285,296,452,231,221,129,54,75
"Sweden","2009",-406,-234,-172,-376,-217,-159,-30,-17,-13,327,149,178,257,127,130,70,22,48,733,383,350,633,344,289,100,39,61
"Sweden","2010",-297,-113,-184,-281,-119,-162,-16,6,-22,430,226,204,362,193,169,68,33,35,727,339,388,643,312,331,84,27,57
"Sweden","2011",-345,-170,-175,-355,-173,-182,10,3,7,421,211,210,335,173,162,86,38,48,766,381,385,690,346,344,76,35,41
"Sweden","2012",-207,-86,-121,-220,-89,-131,13,3,10,536,266,270,451,228,223,85,38,47,743,352,391,671,317,354,72,35,37
"Sweden","2013",-12,3,-15,-12,-6,-6,0,9,-9,604,289,315,523,247,276,81,42,39,616,286,330,535,253,282,81,33,48
"Sweden","2014",-99,-51,-48,-119,-68,-51,20,17,3,524,276,248,444,228,216,80,48,32,623,327,296,563,296,267,60,31,29
"Sweden","2015",-303,-134,-169,-317,-134,-183,14,0,14,525,264,261,445,232,213,80,32,48,828,398,430,762,366,396,66,32,34
"Sweden","2016",-151,-72,-79,-159,-66,-93,8,-6,14,560,267,293,463,225,238,97,42,55,711,339,372,622,291,331,89,48,41
"Sweden","2017",-84,-61,-23,-114,-77,-37,30,16,14,611,291,320,506,234,272,105,57,48,695,352,343,620,311,309,75,41,34
"Sweden","2018",9,31,-22,-19,16,-35,28,15,13,598,312,286,486,251,235,112,61,51,589,281,308,505,235,270,84,46,38
"Sweden","2019",-21,-12,-9,-2,2,-4,-19,-14,-5,568,286,282,498,248,250,70,38,32,589,298,291,500,246,254,89,52,37
"Singapore","2004",-2,-1,-1,-2,-1,-1,0,0,0,0,0,0,0,0,0,0,0,0,2,1,1,2,1,1,0,0,0
"Singapore","2005",2,1,1,0,0,0,2,1,1,2,1,1,0,0,0,2,1,1,0,0,0,0,0,0,0,0,0
"Singapore","2006",0,0,0,0,0,0,0,0,0,0,0,0,0,0,0,0,0,0,0,0,0,0,0,0,0,0,0
"Singapore","2007",1,0,1,0,0,0,1,0,1,1,0,1,0,0,0,1,0,1,0,0,0,0,0,0,0,0,0
"Singapore","2008",-1,-1,0,0,0,0,-1,-1,0,0,0,0,0,0,0,0,0,0,1,1,0,0,0,0,1,1,0
"Singapore","2009",-2,-1,-1,-1,-1,0,-1,0,-1,1,1,0,0,0,0,1,1,0,3,2,1,1,1,0,2,1,1
"Singapore","2010",-2,-2,0,-2,-2,0,0,0,0,0,0,0,0,0,0,0,0,0,2,2,0,2,2,0,0,0,0
"Singapore","2011",2,1,1,1,1,0,1,0,1,4,1,3,3,1,2,1,0,1,2,0,2,2,0,2,0,0,0
"Singapore","2012",1,1,0,0,0,0,1,1,0,1,1,0,0,0,0,1,1,0,0,0,0,0,0,0,0,0,0
"Singapore","2013",2,0,2,-1,-1,0,3,1,2,3,1,2,0,0,0,3,1,2,1,1,0,1,1,0,0,0,0
"Singapore","2014",-2,-1,-1,0,0,0,-2,-1,-1,1,0,1,0,0,0,1,0,1,3,1,2,0,0,0,3,1,2
"Singapore","2015",0,1,-1,0,0,0,0,1,-1,2,1,1,0,0,0,2,1,1,2,0,2,0,0,0,2,0,2
"Singapore","2016",2,0,2,4,2,2,-2,-2,0,7,4,3,5,3,2,2,1,1,5,4,1,1,1,0,4,3,1
"Singapore","2017",2,-1,3,0,-1,1,2,0,2,6,1,5,4,1,3,2,0,2,4,2,2,4,2,2,0,0,0
"Singapore","2018",7,6,1,2,2,0,5,4,1,8,6,2,2,2,0,6,4,2,1,0,1,0,0,0,1,0,1
"Singapore","2019",-1,-2,1,0,0,0,-1,-2,1,3,1,2,1,1,0,2,0,2,4,3,1,1,1,0,3,2,1
"Slovenia","2004",-3,-1,-2,-3,-2,-1,0,1,-1,2,2,0,0,0,0,2,2,0,5,3,2,3,2,1,2,1,1
"Slovenia","2005",-1,0,-1,-3,-2,-1,2,2,0,3,2,1,0,0,0,3,2,1,4,2,2,3,2,1,1,0,1
"Slovenia","2006",42,39,3,2,0,2,40,39,1,45,42,3,3,1,2,42,41,1,3,3,0,1,1,0,2,2,0
"Slovenia","2007",-28,-30,2,-3,-2,-1,-25,-28,3,20,17,3,2,2,0,18,15,3,48,47,1,5,4,1,43,43,0
"Slovenia","2008",-5,-6,1,5,4,1,-10,-10,0,22,18,4,5,4,1,17,14,3,27,24,3,0,0,0,27,24,3
"Slovenia","2009",-7,-6,-1,0,0,0,-7,-6,-1,7,4,3,0,0,0,7,4,3,14,10,4,0,0,0,14,10,4
"Slovenia","2010",2,-2,4,1,0,1,1,-2,3,6,0,6,1,0,1,5,0,5,4,2,2,0,0,0,4,2,2
"Slovenia","2011",0,-1,1,0,0,0,0,-1,1,6,4,2,0,0,0,6,4,2,6,5,1,0,0,0,6,5,1
"Slovenia","2012",-5,-3,-2,0,0,0,-5,-3,-2,1,1,0,0,0,0,1,1,0,6,4,2,0,0,0,6,4,2
"Slovenia","2013",2,1,1,-1,-1,0,3,2,1,7,5,2,0,0,0,7,5,2,5,4,1,1,1,0,4,3,1
"Slovenia","2014",3,3,0,0,0,0,3,3,0,7,5,2,0,0,0,7,5,2,4,2,2,0,0,0,4,2,2
"Slovenia","2015",7,2,5,0,0,0,7,2,5,10,5,5,0,0,0,10,5,5,3,3,0,0,0,0,3,3,0
"Slovenia","2016",7,0,7,0,0,0,7,0,7,16,5,11,0,0,0,16,5,11,9,5,4,0,0,0,9,5,4
"Slovenia","2017",20,11,9,0,0,0,20,11,9,28,13,15,0,0,0,28,13,15,8,2,6,0,0,0,8,2,6
"Slovenia","2018",7,4,3,0,0,0,7,4,3,15,6,9,0,0,0,15,6,9,8,2,6,0,0,0,8,2,6
"Slovenia","2019",30,12,18,-1,-1,0,31,13,18,35,15,20,0,0,0,35,15,20,5,3,2,1,1,0,4,2,2
"Svalbard and Jan Mayen","2004",0,0,0,0,0,0,0,0,0,0,0,0,0,0,0,0,0,0,0,0,0,0,0,0,0,0,0
"Svalbard and Jan Mayen","2005",0,0,0,0,0,0,0,0,0,0,0,0,0,0,0,0,0,0,0,0,0,0,0,0,0,0,0
"Svalbard and Jan Mayen","2006",0,0,0,0,0,0,0,0,0,0,0,0,0,0,0,0,0,0,0,0,0,0,0,0,0,0,0
"Svalbard and Jan Mayen","2007",-2,-1,-1,-2,-1,-1,0,0,0,0,0,0,0,0,0,0,0,0,2,1,1,2,1,1,0,0,0
"Svalbard and Jan Mayen","2008",0,0,0,0,0,0,0,0,0,0,0,0,0,0,0,0,0,0,0,0,0,0,0,0,0,0,0
"Svalbard and Jan Mayen","2009",0,0,0,0,0,0,0,0,0,0,0,0,0,0,0,0,0,0,0,0,0,0,0,0,0,0,0
"Svalbard and Jan Mayen","2010",0,0,0,0,0,0,0,0,0,0,0,0,0,0,0,0,0,0,0,0,0,0,0,0,0,0,0
"Svalbard and Jan Mayen","2011",0,0,0,0,0,0,0,0,0,0,0,0,0,0,0,0,0,0,0,0,0,0,0,0,0,0,0
"Svalbard and Jan Mayen","2012",0,0,0,0,0,0,0,0,0,0,0,0,0,0,0,0,0,0,0,0,0,0,0,0,0,0,0
"Svalbard and Jan Mayen","2013",-2,-1,-1,-1,0,-1,-1,-1,0,0,0,0,0,0,0,0,0,0,2,1,1,1,0,1,1,1,0
"Svalbard and Jan Mayen","2014",0,0,0,0,0,0,0,0,0,0,0,0,0,0,0,0,0,0,0,0,0,0,0,0,0,0,0
"Svalbard and Jan Mayen","2015",2,1,1,1,0,1,1,1,0,2,1,1,1,0,1,1,1,0,0,0,0,0,0,0,0,0,0
"Svalbard and Jan Mayen","2016",0,0,0,0,0,0,0,0,0,0,0,0,0,0,0,0,0,0,0,0,0,0,0,0,0,0,0
"Svalbard and Jan Mayen","2017",1,1,0,0,0,0,1,1,0,1,1,0,0,0,0,1,1,0,0,0,0,0,0,0,0,0,0
"Svalbard and Jan Mayen","2018",0,0,0,0,0,0,0,0,0,0,0,0,0,0,0,0,0,0,0,0,0,0,0,0,0,0,0
"Svalbard and Jan Mayen","2019",-1,0,-1,0,0,0,-1,0,-1,0,0,0,0,0,0,0,0,0,1,0,1,0,0,0,1,0,1
"Slovakia","2004",35,33,2,0,0,0,35,33,2,39,36,3,0,0,0,39,36,3,4,3,1,0,0,0,4,3,1
"Slovakia","2005",15,7,8,-1,-1,0,16,8,8,35,25,10,0,0,0,35,25,10,20,18,2,1,1,0,19,17,2
"Slovakia","2006",105,99,6,0,0,0,105,99,6,119,105,14,0,0,0,119,105,14,14,6,8,0,0,0,14,6,8
"Slovakia","2007",15,2,13,-4,-2,-2,19,4,15,116,93,23,1,1,0,115,92,23,101,91,10,5,3,2,96,88,8
"Slovakia","2008",107,79,28,0,0,0,107,79,28,181,143,38,0,0,0,181,143,38,74,64,10,0,0,0,74,64,10
"Slovakia","2009",-87,-81,-6,1,1,0,-88,-82,-6,43,31,12,1,1,0,42,30,12,130,112,18,0,0,0,130,112,18
"Slovakia","2010",-79,-74,-5,0,0,0,-79,-74,-5,27,15,12,0,0,0,27,15,12,106,89,17,0,0,0,106,89,17
"Slovakia","2011",4,4,0,-3,-2,-1,7,6,1,38,25,13,1,0,1,37,25,12,34,21,13,4,2,2,30,19,11
"Slovakia","2012",8,4,4,3,2,1,5,2,3,47,30,17,3,2,1,44,28,16,39,26,13,0,0,0,39,26,13
"Slovakia","2013",26,16,10,-2,-2,0,28,18,10,61,40,21,0,0,0,61,40,21,35,24,11,2,2,0,33,22,11
"Slovakia","2014",45,36,9,1,1,0,44,35,9,83,58,25,1,1,0,82,57,25,38,22,16,0,0,0,38,22,16
"Slovakia","2015",18,11,7,0,1,-1,18,10,8,61,40,21,1,1,0,60,39,21,43,29,14,1,0,1,42,29,13
"Slovakia","2016",82,66,16,1,0,1,81,66,15,153,114,39,1,0,1,152,114,38,71,48,23,0,0,0,71,48,23
"Slovakia","2017",95,70,25,1,0,1,94,70,24,166,116,50,2,1,1,164,115,49,71,46,25,1,1,0,70,45,25
"Slovakia","2018",37,8,29,-3,-1,-2,40,9,31,150,89,61,1,1,0,149,88,61,113,81,32,4,2,2,109,79,30
"Slovakia","2019",21,9,12,2,1,1,19,8,11,119,75,44,2,1,1,117,74,43,98,66,32,0,0,0,98,66,32
"Sierra Leone","2004",0,0,0,0,0,0,0,0,0,1,0,1,0,0,0,1,0,1,1,0,1,0,0,0,1,0,1
"Sierra Leone","2005",0,0,0,0,0,0,0,0,0,0,0,0,0,0,0,0,0,0,0,0,0,0,0,0,0,0,0
"Sierra Leone","2006",0,0,0,0,0,0,0,0,0,0,0,0,0,0,0,0,0,0,0,0,0,0,0,0,0,0,0
"Sierra Leone","2007",1,1,0,0,0,0,1,1,0,1,1,0,0,0,0,1,1,0,0,0,0,0,0,0,0,0,0
"Sierra Leone","2008",0,0,0,0,0,0,0,0,0,0,0,0,0,0,0,0,0,0,0,0,0,0,0,0,0,0,0
"Sierra Leone","2009",2,1,1,0,0,0,2,1,1,2,1,1,0,0,0,2,1,1,0,0,0,0,0,0,0,0,0
"Sierra Leone","2010",0,1,-1,0,0,0,0,1,-1,1,1,0,0,0,0,1,1,0,1,0,1,0,0,0,1,0,1
"Sierra Leone","2011",1,1,0,0,0,0,1,1,0,1,1,0,0,0,0,1,1,0,0,0,0,0,0,0,0,0,0
"Sierra Leone","2012",0,0,0,0,0,0,0,0,0,0,0,0,0,0,0,0,0,0,0,0,0,0,0,0,0,0,0
"Sierra Leone","2013",-1,-1,0,0,0,0,-1,-1,0,0,0,0,0,0,0,0,0,0,1,1,0,0,0,0,1,1,0
"Sierra Leone","2014",0,0,0,0,0,0,0,0,0,0,0,0,0,0,0,0,0,0,0,0,0,0,0,0,0,0,0
"Sierra Leone","2015",0,0,0,0,0,0,0,0,0,0,0,0,0,0,0,0,0,0,0,0,0,0,0,0,0,0,0
"Sierra Leone","2016",0,0,0,0,0,0,0,0,0,0,0,0,0,0,0,0,0,0,0,0,0,0,0,0,0,0,0
"Sierra Leone","2017",1,1,0,0,0,0,1,1,0,1,1,0,0,0,0,1,1,0,0,0,0,0,0,0,0,0,0
"Sierra Leone","2018",3,2,1,0,0,0,3,2,1,3,2,1,0,0,0,3,2,1,0,0,0,0,0,0,0,0,0
"Sierra Leone","2019",1,2,-1,0,0,0,1,2,-1,4,4,0,0,0,0,4,4,0,3,2,1,0,0,0,3,2,1
"San Marino","2004",0,0,0,0,0,0,0,0,0,0,0,0,0,0,0,0,0,0,0,0,0,0,0,0,0,0,0
"San Marino","2005",0,0,0,0,0,0,0,0,0,0,0,0,0,0,0,0,0,0,0,0,0,0,0,0,0,0,0
"San Marino","2006",0,0,0,0,0,0,0,0,0,0,0,0,0,0,0,0,0,0,0,0,0,0,0,0,0,0,0
"San Marino","2007",0,0,0,0,0,0,0,0,0,0,0,0,0,0,0,0,0,0,0,0,0,0,0,0,0,0,0
"San Marino","2008",0,0,0,0,0,0,0,0,0,0,0,0,0,0,0,0,0,0,0,0,0,0,0,0,0,0,0
"San Marino","2009",0,0,0,0,0,0,0,0,0,0,0,0,0,0,0,0,0,0,0,0,0,0,0,0,0,0,0
"San Marino","2010",0,0,0,0,0,0,0,0,0,0,0,0,0,0,0,0,0,0,0,0,0,0,0,0,0,0,0
"San Marino","2011",0,0,0,0,0,0,0,0,0,0,0,0,0,0,0,0,0,0,0,0,0,0,0,0,0,0,0
"San Marino","2012",0,0,0,0,0,0,0,0,0,0,0,0,0,0,0,0,0,0,0,0,0,0,0,0,0,0,0
"San Marino","2013",0,0,0,0,0,0,0,0,0,0,0,0,0,0,0,0,0,0,0,0,0,0,0,0,0,0,0
"San Marino","2014",0,0,0,0,0,0,0,0,0,0,0,0,0,0,0,0,0,0,0,0,0,0,0,0,0,0,0
"San Marino","2015",0,0,0,0,0,0,0,0,0,0,0,0,0,0,0,0,0,0,0,0,0,0,0,0,0,0,0
"San Marino","2016",1,0,1,0,0,0,1,0,1,1,0,1,0,0,0,1,0,1,0,0,0,0,0,0,0,0,0
"San Marino","2017",2,1,1,0,0,0,2,1,1,2,1,1,0,0,0,2,1,1,0,0,0,0,0,0,0,0,0
"San Marino","2018",0,0,0,0,0,0,0,0,0,0,0,0,0,0,0,0,0,0,0,0,0,0,0,0,0,0,0
"San Marino","2019",0,0,0,0,0,0,0,0,0,0,0,0,0,0,0,0,0,0,0,0,0,0,0,0,0,0,0
"Senegal","2004",1,0,1,0,0,0,1,0,1,1,0,1,0,0,0,1,0,1,0,0,0,0,0,0,0,0,0
"Senegal","2005",1,0,1,0,0,0,1,0,1,2,1,1,0,0,0,2,1,1,1,1,0,0,0,0,1,1,0
"Senegal","2006",-1,0,-1,0,0,0,-1,0,-1,0,0,0,0,0,0,0,0,0,1,0,1,0,0,0,1,0,1
"Senegal","2007",2,1,1,0,0,0,2,1,1,2,1,1,0,0,0,2,1,1,0,0,0,0,0,0,0,0,0
"Senegal","2008",2,1,1,0,0,0,2,1,1,2,1,1,0,0,0,2,1,1,0,0,0,0,0,0,0,0,0
"Senegal","2009",0,0,0,0,0,0,0,0,0,0,0,0,0,0,0,0,0,0,0,0,0,0,0,0,0,0,0
"Senegal","2010",3,3,0,0,0,0,3,3,0,3,3,0,0,0,0,3,3,0,0,0,0,0,0,0,0,0,0
"Senegal","2011",4,5,-1,-1,0,-1,5,5,0,5,5,0,0,0,0,5,5,0,1,0,1,1,0,1,0,0,0
"Senegal","2012",3,1,2,1,0,1,2,1,1,3,1,2,1,0,1,2,1,1,0,0,0,0,0,0,0,0,0
"Senegal","2013",-2,-2,0,0,0,0,-2,-2,0,1,1,0,0,0,0,1,1,0,3,3,0,0,0,0,3,3,0
"Senegal","2014",3,0,3,0,0,0,3,0,3,4,1,3,0,0,0,4,1,3,1,1,0,0,0,0,1,1,0
"Senegal","2015",2,2,0,0,0,0,2,2,0,2,2,0,0,0,0,2,2,0,0,0,0,0,0,0,0,0,0
"Senegal","2016",-1,-1,0,0,0,0,-1,-1,0,0,0,0,0,0,0,0,0,0,1,1,0,0,0,0,1,1,0
"Senegal","2017",1,1,0,0,0,0,1,1,0,2,2,0,0,0,0,2,2,0,1,1,0,0,0,0,1,1,0
"Senegal","2018",1,1,0,0,0,0,1,1,0,2,2,0,0,0,0,2,2,0,1,1,0,0,0,0,1,1,0
"Senegal","2019",2,2,0,0,0,0,2,2,0,2,2,0,0,0,0,2,2,0,0,0,0,0,0,0,0,0,0
"Somalia","2004",0,0,0,0,0,0,0,0,0,0,0,0,0,0,0,0,0,0,0,0,0,0,0,0,0,0,0
"Somalia","2005",0,0,0,0,0,0,0,0,0,0,0,0,0,0,0,0,0,0,0,0,0,0,0,0,0,0,0
"Somalia","2006",0,0,0,0,0,0,0,0,0,0,0,0,0,0,0,0,0,0,0,0,0,0,0,0,0,0,0
"Somalia","2007",0,0,0,0,0,0,0,0,0,0,0,0,0,0,0,0,0,0,0,0,0,0,0,0,0,0,0
"Somalia","2008",0,0,0,0,0,0,0,0,0,0,0,0,0,0,0,0,0,0,0,0,0,0,0,0,0,0,0
"Somalia","2009",0,0,0,0,0,0,0,0,0,0,0,0,0,0,0,0,0,0,0,0,0,0,0,0,0,0,0
"Somalia","2010",0,0,0,0,0,0,0,0,0,0,0,0,0,0,0,0,0,0,0,0,0,0,0,0,0,0,0
"Somalia","2011",4,2,2,0,0,0,4,2,2,4,2,2,0,0,0,4,2,2,0,0,0,0,0,0,0,0,0
"Somalia","2012",2,1,1,0,0,0,2,1,1,2,1,1,0,0,0,2,1,1,0,0,0,0,0,0,0,0,0
"Somalia","2013",0,0,0,0,0,0,0,0,0,0,0,0,0,0,0,0,0,0,0,0,0,0,0,0,0,0,0
"Somalia","2014",0,0,0,0,0,0,0,0,0,0,0,0,0,0,0,0,0,0,0,0,0,0,0,0,0,0,0
"Somalia","2015",3,2,1,0,0,0,3,2,1,3,2,1,0,0,0,3,2,1,0,0,0,0,0,0,0,0,0
"Somalia","2016",3,3,0,0,0,0,3,3,0,3,3,0,0,0,0,3,3,0,0,0,0,0,0,0,0,0,0
"Somalia","2017",5,4,1,0,0,0,5,4,1,5,4,1,0,0,0,5,4,1,0,0,0,0,0,0,0,0,0
"Somalia","2018",11,8,3,0,0,0,11,8,3,11,8,3,0,0,0,11,8,3,0,0,0,0,0,0,0,0,0
"Somalia","2019",24,19,5,0,0,0,24,19,5,24,19,5,0,0,0,24,19,5,0,0,0,0,0,0,0,0,0
"Suriname","2004",0,0,0,0,0,0,0,0,0,0,0,0,0,0,0,0,0,0,0,0,0,0,0,0,0,0,0
"Suriname","2005",0,0,0,0,0,0,0,0,0,0,0,0,0,0,0,0,0,0,0,0,0,0,0,0,0,0,0
"Suriname","2006",0,0,0,0,0,0,0,0,0,0,0,0,0,0,0,0,0,0,0,0,0,0,0,0,0,0,0
"Suriname","2007",1,0,1,0,0,0,1,0,1,1,0,1,0,0,0,1,0,1,0,0,0,0,0,0,0,0,0
"Suriname","2008",0,0,0,0,0,0,0,0,0,0,0,0,0,0,0,0,0,0,0,0,0,0,0,0,0,0,0
"Suriname","2009",0,0,0,0,0,0,0,0,0,0,0,0,0,0,0,0,0,0,0,0,0,0,0,0,0,0,0
"Suriname","2010",0,0,0,0,0,0,0,0,0,0,0,0,0,0,0,0,0,0,0,0,0,0,0,0,0,0,0
"Suriname","2011",0,0,0,0,0,0,0,0,0,0,0,0,0,0,0,0,0,0,0,0,0,0,0,0,0,0,0
"Suriname","2012",0,0,0,0,0,0,0,0,0,0,0,0,0,0,0,0,0,0,0,0,0,0,0,0,0,0,0
"Suriname","2013",0,0,0,0,0,0,0,0,0,0,0,0,0,0,0,0,0,0,0,0,0,0,0,0,0,0,0
"Suriname","2014",0,0,0,0,0,0,0,0,0,0,0,0,0,0,0,0,0,0,0,0,0,0,0,0,0,0,0
"Suriname","2015",0,0,0,0,0,0,0,0,0,0,0,0,0,0,0,0,0,0,0,0,0,0,0,0,0,0,0
"Suriname","2016",1,0,1,0,0,0,1,0,1,1,0,1,0,0,0,1,0,1,0,0,0,0,0,0,0,0,0
"Suriname","2017",0,0,0,0,0,0,0,0,0,1,0,1,0,0,0,1,0,1,1,0,1,0,0,0,1,0,1
"Suriname","2018",0,0,0,0,0,0,0,0,0,0,0,0,0,0,0,0,0,0,0,0,0,0,0,0,0,0,0
"Suriname","2019",-1,0,-1,0,0,0,-1,0,-1,0,0,0,0,0,0,0,0,0,1,0,1,0,0,0,1,0,1
"South Sudan","2004",0,0,0,0,0,0,0,0,0,0,0,0,0,0,0,0,0,0,0,0,0,0,0,0,0,0,0
"South Sudan","2005",0,0,0,0,0,0,0,0,0,0,0,0,0,0,0,0,0,0,0,0,0,0,0,0,0,0,0
"South Sudan","2006",0,0,0,0,0,0,0,0,0,0,0,0,0,0,0,0,0,0,0,0,0,0,0,0,0,0,0
"South Sudan","2007",0,0,0,0,0,0,0,0,0,0,0,0,0,0,0,0,0,0,0,0,0,0,0,0,0,0,0
"South Sudan","2008",0,0,0,0,0,0,0,0,0,0,0,0,0,0,0,0,0,0,0,0,0,0,0,0,0,0,0
"South Sudan","2009",0,0,0,0,0,0,0,0,0,0,0,0,0,0,0,0,0,0,0,0,0,0,0,0,0,0,0
"South Sudan","2010",0,0,0,0,0,0,0,0,0,0,0,0,0,0,0,0,0,0,0,0,0,0,0,0,0,0,0
"South Sudan","2011",0,0,0,0,0,0,0,0,0,0,0,0,0,0,0,0,0,0,0,0,0,0,0,0,0,0,0
"South Sudan","2012",0,0,0,0,0,0,0,0,0,0,0,0,0,0,0,0,0,0,0,0,0,0,0,0,0,0,0
"South Sudan","2013",0,0,0,0,0,0,0,0,0,0,0,0,0,0,0,0,0,0,0,0,0,0,0,0,0,0,0
"South Sudan","2014",0,0,0,0,0,0,0,0,0,0,0,0,0,0,0,0,0,0,0,0,0,0,0,0,0,0,0
"South Sudan","2015",0,0,0,0,0,0,0,0,0,0,0,0,0,0,0,0,0,0,0,0,0,0,0,0,0,0,0
"South Sudan","2016",0,0,0,0,0,0,0,0,0,0,0,0,0,0,0,0,0,0,0,0,0,0,0,0,0,0,0
"South Sudan","2017",0,0,0,0,0,0,0,0,0,0,0,0,0,0,0,0,0,0,0,0,0,0,0,0,0,0,0
"South Sudan","2018",4,3,1,0,0,0,4,3,1,4,3,1,0,0,0,4,3,1,0,0,0,0,0,0,0,0,0
"South Sudan","2019",0,0,0,0,0,0,0,0,0,0,0,0,0,0,0,0,0,0,0,0,0,0,0,0,0,0,0
"Sao Tome and Principe","2004",0,0,0,0,0,0,0,0,0,0,0,0,0,0,0,0,0,0,0,0,0,0,0,0,0,0,0
"Sao Tome and Principe","2005",0,0,0,0,0,0,0,0,0,0,0,0,0,0,0,0,0,0,0,0,0,0,0,0,0,0,0
"Sao Tome and Principe","2006",0,0,0,0,0,0,0,0,0,0,0,0,0,0,0,0,0,0,0,0,0,0,0,0,0,0,0
"Sao Tome and Principe","2007",0,0,0,0,0,0,0,0,0,0,0,0,0,0,0,0,0,0,0,0,0,0,0,0,0,0,0
"Sao Tome and Principe","2008",0,0,0,0,0,0,0,0,0,0,0,0,0,0,0,0,0,0,0,0,0,0,0,0,0,0,0
"Sao Tome and Principe","2009",0,0,0,0,0,0,0,0,0,0,0,0,0,0,0,0,0,0,0,0,0,0,0,0,0,0,0
"Sao Tome and Principe","2010",0,0,0,0,0,0,0,0,0,0,0,0,0,0,0,0,0,0,0,0,0,0,0,0,0,0,0
"Sao Tome and Principe","2011",0,0,0,0,0,0,0,0,0,0,0,0,0,0,0,0,0,0,0,0,0,0,0,0,0,0,0
"Sao Tome and Principe","2012",0,0,0,0,0,0,0,0,0,0,0,0,0,0,0,0,0,0,0,0,0,0,0,0,0,0,0
"Sao Tome and Principe","2013",0,0,0,0,0,0,0,0,0,0,0,0,0,0,0,0,0,0,0,0,0,0,0,0,0,0,0
"Sao Tome and Principe","2014",0,0,0,0,0,0,0,0,0,0,0,0,0,0,0,0,0,0,0,0,0,0,0,0,0,0,0
"Sao Tome and Principe","2015",0,0,0,0,0,0,0,0,0,0,0,0,0,0,0,0,0,0,0,0,0,0,0,0,0,0,0
"Sao Tome and Principe","2016",0,0,0,0,0,0,0,0,0,0,0,0,0,0,0,0,0,0,0,0,0,0,0,0,0,0,0
"Sao Tome and Principe","2017",0,0,0,0,0,0,0,0,0,0,0,0,0,0,0,0,0,0,0,0,0,0,0,0,0,0,0
"Sao Tome and Principe","2018",0,0,0,0,0,0,0,0,0,0,0,0,0,0,0,0,0,0,0,0,0,0,0,0,0,0,0
"Sao Tome and Principe","2019",0,0,0,0,0,0,0,0,0,0,0,0,0,0,0,0,0,0,0,0,0,0,0,0,0,0,0
"Former Soviet Union","2004",0,0,0,0,0,0,0,0,0,0,0,0,0,0,0,0,0,0,0,0,0,0,0,0,0,0,0
"Former Soviet Union","2005",0,0,0,0,0,0,0,0,0,0,0,0,0,0,0,0,0,0,0,0,0,0,0,0,0,0,0
"Former Soviet Union","2006",0,0,0,0,0,0,0,0,0,0,0,0,0,0,0,0,0,0,0,0,0,0,0,0,0,0,0
"Former Soviet Union","2007",0,0,0,0,0,0,0,0,0,0,0,0,0,0,0,0,0,0,0,0,0,0,0,0,0,0,0
"Former Soviet Union","2008",0,0,0,0,0,0,0,0,0,0,0,0,0,0,0,0,0,0,0,0,0,0,0,0,0,0,0
"Former Soviet Union","2009",0,0,0,0,0,0,0,0,0,0,0,0,0,0,0,0,0,0,0,0,0,0,0,0,0,0,0
"Former Soviet Union","2010",0,0,0,0,0,0,0,0,0,0,0,0,0,0,0,0,0,0,0,0,0,0,0,0,0,0,0
"Former Soviet Union","2011",0,0,0,0,0,0,0,0,0,0,0,0,0,0,0,0,0,0,0,0,0,0,0,0,0,0,0
"Former Soviet Union","2012",0,0,0,0,0,0,0,0,0,0,0,0,0,0,0,0,0,0,0,0,0,0,0,0,0,0,0
"Former Soviet Union","2013",0,0,0,0,0,0,0,0,0,0,0,0,0,0,0,0,0,0,0,0,0,0,0,0,0,0,0
"Former Soviet Union","2014",0,0,0,0,0,0,0,0,0,0,0,0,0,0,0,0,0,0,0,0,0,0,0,0,0,0,0
"Former Soviet Union","2015",0,0,0,0,0,0,0,0,0,0,0,0,0,0,0,0,0,0,0,0,0,0,0,0,0,0,0
"Former Soviet Union","2016",0,0,0,0,0,0,0,0,0,0,0,0,0,0,0,0,0,0,0,0,0,0,0,0,0,0,0
"Former Soviet Union","2017",0,0,0,0,0,0,0,0,0,0,0,0,0,0,0,0,0,0,0,0,0,0,0,0,0,0,0
"Former Soviet Union","2018",0,0,0,0,0,0,0,0,0,0,0,0,0,0,0,0,0,0,0,0,0,0,0,0,0,0,0
"Former Soviet Union","2019",0,0,0,0,0,0,0,0,0,0,0,0,0,0,0,0,0,0,0,0,0,0,0,0,0,0,0
"El Salvador","2004",1,0,1,0,0,0,1,0,1,1,0,1,0,0,0,1,0,1,0,0,0,0,0,0,0,0,0
"El Salvador","2005",0,0,0,0,0,0,0,0,0,1,1,0,0,0,0,1,1,0,1,1,0,0,0,0,1,1,0
"El Salvador","2006",0,0,0,0,0,0,0,0,0,0,0,0,0,0,0,0,0,0,0,0,0,0,0,0,0,0,0
"El Salvador","2007",5,4,1,0,0,0,5,4,1,5,4,1,0,0,0,5,4,1,0,0,0,0,0,0,0,0,0
"El Salvador","2008",-1,-2,1,0,0,0,-1,-2,1,3,2,1,0,0,0,3,2,1,4,4,0,0,0,0,4,4,0
"El Salvador","2009",1,2,-1,0,0,0,1,2,-1,3,3,0,0,0,0,3,3,0,2,1,1,0,0,0,2,1,1
"El Salvador","2010",0,-1,1,0,0,0,0,-1,1,4,3,1,0,0,0,4,3,1,4,4,0,0,0,0,4,4,0
"El Salvador","2011",0,0,0,0,0,0,0,0,0,3,3,0,0,0,0,3,3,0,3,3,0,0,0,0,3,3,0
"El Salvador","2012",2,2,0,0,0,0,2,2,0,2,2,0,0,0,0,2,2,0,0,0,0,0,0,0,0,0,0
"El Salvador","2013",0,-1,1,0,0,0,0,-1,1,2,1,1,0,0,0,2,1,1,2,2,0,0,0,0,2,2,0
"El Salvador","2014",-1,-1,0,1,1,0,-2,-2,0,2,2,0,1,1,0,1,1,0,3,3,0,0,0,0,3,3,0
"El Salvador","2015",-2,-1,-1,0,0,0,-2,-1,-1,0,0,0,0,0,0,0,0,0,2,1,1,0,0,0,2,1,1
"El Salvador","2016",8,2,6,0,0,0,8,2,6,9,2,7,0,0,0,9,2,7,1,0,1,0,0,0,1,0,1
"El Salvador","2017",1,0,1,0,0,0,1,0,1,2,0,2,0,0,0,2,0,2,1,0,1,0,0,0,1,0,1
"El Salvador","2018",5,3,2,0,0,0,5,3,2,6,3,3,0,0,0,6,3,3,1,0,1,0,0,0,1,0,1
"El Salvador","2019",6,2,4,0,0,0,6,2,4,7,3,4,0,0,0,7,3,4,1,1,0,0,0,0,1,1,0
"Syria","2004",1,0,1,0,0,0,1,0,1,1,0,1,0,0,0,1,0,1,0,0,0,0,0,0,0,0,0
"Syria","2005",0,0,0,0,0,0,0,0,0,0,0,0,0,0,0,0,0,0,0,0,0,0,0,0,0,0,0
"Syria","2006",-3,-1,-2,-4,-2,-2,1,1,0,1,1,0,0,0,0,1,1,0,4,2,2,4,2,2,0,0,0
"Syria","2007",4,2,2,4,2,2,0,0,0,4,2,2,4,2,2,0,0,0,0,0,0,0,0,0,0,0,0
"Syria","2008",1,1,0,1,1,0,0,0,0,1,1,0,1,1,0,0,0,0,0,0,0,0,0,0,0,0,0
"Syria","2009",0,-1,1,1,0,1,-1,-1,0,1,0,1,1,0,1,0,0,0,1,1,0,0,0,0,1,1,0
"Syria","2010",-3,-1,-2,0,0,0,-3,-1,-2,0,0,0,0,0,0,0,0,0,3,1,2,0,0,0,3,1,2
"Syria","2011",1,3,-2,-1,0,-1,2,3,-1,3,3,0,0,0,0,3,3,0,2,0,2,1,0,1,1,0,1
"Syria","2012",5,4,1,1,1,0,4,3,1,5,4,1,1,1,0,4,3,1,0,0,0,0,0,0,0,0,0
"Syria","2013",14,9,5,1,0,1,13,9,4,15,9,6,1,0,1,14,9,5,1,0,1,0,0,0,1,0,1
"Syria","2014",2,1,1,0,0,0,2,1,1,2,1,1,0,0,0,2,1,1,0,0,0,0,0,0,0,0,0
"Syria","2015",30,20,10,1,0,1,29,20,9,30,20,10,1,0,1,29,20,9,0,0,0,0,0,0,0,0,0
"Syria","2016",94,51,43,0,0,0,94,51,43,94,51,43,0,0,0,94,51,43,0,0,0,0,0,0,0,0,0
"Syria","2017",68,43,25,0,0,0,68,43,25,68,43,25,0,0,0,68,43,25,0,0,0,0,0,0,0,0,0
"Syria","2018",50,31,19,0,0,0,50,31,19,50,31,19,0,0,0,50,31,19,0,0,0,0,0,0,0,0,0
"Syria","2019",75,50,25,0,0,0,75,50,25,76,50,26,0,0,0,76,50,26,1,0,1,0,0,0,1,0,1
"Chad","2004",0,0,0,0,0,0,0,0,0,0,0,0,0,0,0,0,0,0,0,0,0,0,0,0,0,0,0
"Chad","2005",0,0,0,0,0,0,0,0,0,0,0,0,0,0,0,0,0,0,0,0,0,0,0,0,0,0,0
"Chad","2006",0,0,0,0,0,0,0,0,0,0,0,0,0,0,0,0,0,0,0,0,0,0,0,0,0,0,0
"Chad","2007",0,0,0,0,0,0,0,0,0,0,0,0,0,0,0,0,0,0,0,0,0,0,0,0,0,0,0
"Chad","2008",0,0,0,0,0,0,0,0,0,0,0,0,0,0,0,0,0,0,0,0,0,0,0,0,0,0,0
"Chad","2009",0,0,0,0,0,0,0,0,0,0,0,0,0,0,0,0,0,0,0,0,0,0,0,0,0,0,0
"Chad","2010",0,0,0,0,0,0,0,0,0,0,0,0,0,0,0,0,0,0,0,0,0,0,0,0,0,0,0
"Chad","2011",0,0,0,0,0,0,0,0,0,0,0,0,0,0,0,0,0,0,0,0,0,0,0,0,0,0,0
"Chad","2012",0,0,0,0,0,0,0,0,0,0,0,0,0,0,0,0,0,0,0,0,0,0,0,0,0,0,0
"Chad","2013",0,0,0,0,0,0,0,0,0,0,0,0,0,0,0,0,0,0,0,0,0,0,0,0,0,0,0
"Chad","2014",0,0,0,0,0,0,0,0,0,0,0,0,0,0,0,0,0,0,0,0,0,0,0,0,0,0,0
"Chad","2015",0,0,0,0,0,0,0,0,0,0,0,0,0,0,0,0,0,0,0,0,0,0,0,0,0,0,0
"Chad","2016",0,0,0,0,0,0,0,0,0,0,0,0,0,0,0,0,0,0,0,0,0,0,0,0,0,0,0
"Chad","2017",2,1,1,0,0,0,2,1,1,2,1,1,0,0,0,2,1,1,0,0,0,0,0,0,0,0,0
"Chad","2018",1,1,0,0,0,0,1,1,0,1,1,0,0,0,0,1,1,0,0,0,0,0,0,0,0,0,0
"Chad","2019",0,0,0,0,0,0,0,0,0,0,0,0,0,0,0,0,0,0,0,0,0,0,0,0,0,0,0
"Togo","2004",0,0,0,0,0,0,0,0,0,0,0,0,0,0,0,0,0,0,0,0,0,0,0,0,0,0,0
"Togo","2005",0,0,0,0,0,0,0,0,0,0,0,0,0,0,0,0,0,0,0,0,0,0,0,0,0,0,0
"Togo","2006",0,0,0,0,0,0,0,0,0,0,0,0,0,0,0,0,0,0,0,0,0,0,0,0,0,0,0
"Togo","2007",0,0,0,0,0,0,0,0,0,0,0,0,0,0,0,0,0,0,0,0,0,0,0,0,0,0,0
"Togo","2008",1,0,1,1,0,1,0,0,0,1,0,1,1,0,1,0,0,0,0,0,0,0,0,0,0,0,0
"Togo","2009",0,0,0,0,0,0,0,0,0,0,0,0,0,0,0,0,0,0,0,0,0,0,0,0,0,0,0
"Togo","2010",0,0,0,0,0,0,0,0,0,0,0,0,0,0,0,0,0,0,0,0,0,0,0,0,0,0,0
"Togo","2011",0,0,0,-1,-1,0,1,1,0,1,1,0,0,0,0,1,1,0,1,1,0,1,1,0,0,0,0
"Togo","2012",2,2,0,2,2,0,0,0,0,2,2,0,2,2,0,0,0,0,0,0,0,0,0,0,0,0,0
"Togo","2013",2,2,0,0,0,0,2,2,0,4,2,2,0,0,0,4,2,2,2,0,2,0,0,0,2,0,2
"Togo","2014",-1,-1,0,1,1,0,-2,-2,0,2,2,0,1,1,0,1,1,0,3,3,0,0,0,0,3,3,0
"Togo","2015",1,0,1,1,0,1,0,0,0,2,1,1,1,0,1,1,1,0,1,1,0,0,0,0,1,1,0
"Togo","2016",2,2,0,1,1,0,1,1,0,2,2,0,1,1,0,1,1,0,0,0,0,0,0,0,0,0,0
"Togo","2017",3,1,2,2,0,2,1,1,0,3,1,2,2,0,2,1,1,0,0,0,0,0,0,0,0,0,0
"Togo","2018",0,0,0,0,0,0,0,0,0,0,0,0,0,0,0,0,0,0,0,0,0,0,0,0,0,0,0
"Togo","2019",0,0,0,0,0,0,0,0,0,0,0,0,0,0,0,0,0,0,0,0,0,0,0,0,0,0,0
"Thailand","2004",64,20,44,3,1,2,61,19,42,81,26,55,7,4,3,74,22,52,17,6,11,4,3,1,13,3,10
"Thailand","2005",91,32,59,-1,-1,0,92,33,59,101,37,64,3,2,1,98,35,63,10,5,5,4,3,1,6,2,4
"Thailand","2006",68,21,47,2,2,0,66,19,47,76,26,50,3,3,0,73,23,50,8,5,3,1,1,0,7,4,3
"Thailand","2007",52,19,33,1,0,1,51,19,32,70,27,43,5,4,1,65,23,42,18,8,10,4,4,0,14,4,10
"Thailand","2008",63,24,39,-6,-2,-4,69,26,43,99,38,61,7,6,1,92,32,60,36,14,22,13,8,5,23,6,17
"Thailand","2009",-2,-8,6,-12,-7,-5,10,-1,11,47,15,32,6,4,2,41,11,30,49,23,26,18,11,7,31,12,19
"Thailand","2010",40,3,37,5,5,0,35,-2,37,62,13,49,13,8,5,49,5,44,22,10,12,8,3,5,14,7,7
"Thailand","2011",9,-5,14,-11,-8,-3,20,3,17,37,10,27,2,1,1,35,9,26,28,15,13,13,9,4,15,6,9
"Thailand","2012",22,6,16,-1,-1,0,23,7,16,44,16,28,9,6,3,35,10,25,22,10,12,10,7,3,12,3,9
"Thailand","2013",39,9,30,5,5,0,34,4,30,65,18,47,11,7,4,54,11,43,26,9,17,6,2,4,20,7,13
"Thailand","2014",26,5,21,-4,-2,-2,30,7,23,41,10,31,2,1,1,39,9,30,15,5,10,6,3,3,9,2,7
"Thailand","2015",33,2,31,-3,-3,0,36,5,31,46,11,35,2,1,1,44,10,34,13,9,4,5,4,1,8,5,3
"Thailand","2016",42,13,29,-1,-1,0,43,14,29,59,20,39,1,0,1,58,20,38,17,7,10,2,1,1,15,6,9
"Thailand","2017",38,6,32,-7,-7,0,45,13,32,61,19,42,5,3,2,56,16,40,23,13,10,12,10,2,11,3,8
"Thailand","2018",49,13,36,2,2,0,47,11,36,65,21,44,7,6,1,58,15,43,16,8,8,5,4,1,11,4,7
"Thailand","2019",51,11,40,4,2,2,47,9,38,61,18,43,6,4,2,55,14,41,10,7,3,2,2,0,8,5,3
"Tajikistan","2004",0,0,0,0,0,0,0,0,0,0,0,0,0,0,0,0,0,0,0,0,0,0,0,0,0,0,0
"Tajikistan","2005",0,0,0,0,0,0,0,0,0,0,0,0,0,0,0,0,0,0,0,0,0,0,0,0,0,0,0
"Tajikistan","2006",0,0,0,0,0,0,0,0,0,0,0,0,0,0,0,0,0,0,0,0,0,0,0,0,0,0,0
"Tajikistan","2007",0,0,0,0,0,0,0,0,0,0,0,0,0,0,0,0,0,0,0,0,0,0,0,0,0,0,0
"Tajikistan","2008",0,0,0,0,0,0,0,0,0,0,0,0,0,0,0,0,0,0,0,0,0,0,0,0,0,0,0
"Tajikistan","2009",0,0,0,0,0,0,0,0,0,0,0,0,0,0,0,0,0,0,0,0,0,0,0,0,0,0,0
"Tajikistan","2010",0,0,0,0,0,0,0,0,0,0,0,0,0,0,0,0,0,0,0,0,0,0,0,0,0,0,0
"Tajikistan","2011",0,0,0,0,0,0,0,0,0,0,0,0,0,0,0,0,0,0,0,0,0,0,0,0,0,0,0
"Tajikistan","2012",0,0,0,0,0,0,0,0,0,0,0,0,0,0,0,0,0,0,0,0,0,0,0,0,0,0,0
"Tajikistan","2013",0,0,0,0,0,0,0,0,0,0,0,0,0,0,0,0,0,0,0,0,0,0,0,0,0,0,0
"Tajikistan","2014",0,0,0,0,0,0,0,0,0,0,0,0,0,0,0,0,0,0,0,0,0,0,0,0,0,0,0
"Tajikistan","2015",0,0,0,0,0,0,0,0,0,0,0,0,0,0,0,0,0,0,0,0,0,0,0,0,0,0,0
"Tajikistan","2016",1,1,0,0,0,0,1,1,0,1,1,0,0,0,0,1,1,0,0,0,0,0,0,0,0,0,0
"Tajikistan","2017",0,0,0,0,0,0,0,0,0,0,0,0,0,0,0,0,0,0,0,0,0,0,0,0,0,0,0
"Tajikistan","2018",0,0,0,0,0,0,0,0,0,2,1,1,0,0,0,2,1,1,2,1,1,0,0,0,2,1,1
"Tajikistan","2019",1,1,0,0,0,0,1,1,0,3,3,0,0,0,0,3,3,0,2,2,0,0,0,0,2,2,0
"Timor-Leste","2004",0,0,0,0,0,0,0,0,0,0,0,0,0,0,0,0,0,0,0,0,0,0,0,0,0,0,0
"Timor-Leste","2005",0,0,0,0,0,0,0,0,0,0,0,0,0,0,0,0,0,0,0,0,0,0,0,0,0,0,0
"Timor-Leste","2006",0,0,0,0,0,0,0,0,0,0,0,0,0,0,0,0,0,0,0,0,0,0,0,0,0,0,0
"Timor-Leste","2007",0,0,0,0,0,0,0,0,0,0,0,0,0,0,0,0,0,0,0,0,0,0,0,0,0,0,0
"Timor-Leste","2008",0,0,0,0,0,0,0,0,0,0,0,0,0,0,0,0,0,0,0,0,0,0,0,0,0,0,0
"Timor-Leste","2009",0,0,0,0,0,0,0,0,0,0,0,0,0,0,0,0,0,0,0,0,0,0,0,0,0,0,0
"Timor-Leste","2010",0,0,0,0,0,0,0,0,0,0,0,0,0,0,0,0,0,0,0,0,0,0,0,0,0,0,0
"Timor-Leste","2011",0,0,0,0,0,0,0,0,0,0,0,0,0,0,0,0,0,0,0,0,0,0,0,0,0,0,0
"Timor-Leste","2012",0,0,0,0,0,0,0,0,0,0,0,0,0,0,0,0,0,0,0,0,0,0,0,0,0,0,0
"Timor-Leste","2013",0,0,0,0,0,0,0,0,0,0,0,0,0,0,0,0,0,0,0,0,0,0,0,0,0,0,0
"Timor-Leste","2014",1,1,0,0,0,0,1,1,0,1,1,0,0,0,0,1,1,0,0,0,0,0,0,0,0,0,0
"Timor-Leste","2015",-1,-1,0,0,0,0,-1,-1,0,0,0,0,0,0,0,0,0,0,1,1,0,0,0,0,1,1,0
"Timor-Leste","2016",0,0,0,0,0,0,0,0,0,0,0,0,0,0,0,0,0,0,0,0,0,0,0,0,0,0,0
"Timor-Leste","2017",0,0,0,0,0,0,0,0,0,0,0,0,0,0,0,0,0,0,0,0,0,0,0,0,0,0,0
"Timor-Leste","2018",0,0,0,0,0,0,0,0,0,0,0,0,0,0,0,0,0,0,0,0,0,0,0,0,0,0,0
"Timor-Leste","2019",0,0,0,0,0,0,0,0,0,0,0,0,0,0,0,0,0,0,0,0,0,0,0,0,0,0,0
"Tunisia","2004",0,1,-1,0,0,0,0,1,-1,1,1,0,0,0,0,1,1,0,1,0,1,0,0,0,1,0,1
"Tunisia","2005",-1,-1,0,-1,-1,0,0,0,0,0,0,0,0,0,0,0,0,0,1,1,0,1,1,0,0,0,0
"Tunisia","2006",3,1,2,0,0,0,3,1,2,3,1,2,0,0,0,3,1,2,0,0,0,0,0,0,0,0,0
"Tunisia","2007",0,0,0,0,0,0,0,0,0,0,0,0,0,0,0,0,0,0,0,0,0,0,0,0,0,0,0
"Tunisia","2008",2,1,1,0,0,0,2,1,1,2,1,1,0,0,0,2,1,1,0,0,0,0,0,0,0,0,0
"Tunisia","2009",0,0,0,0,0,0,0,0,0,0,0,0,0,0,0,0,0,0,0,0,0,0,0,0,0,0,0
"Tunisia","2010",2,0,2,0,0,0,2,0,2,2,0,2,0,0,0,2,0,2,0,0,0,0,0,0,0,0,0
"Tunisia","2011",2,1,1,0,0,0,2,1,1,3,2,1,1,1,0,2,1,1,1,1,0,1,1,0,0,0,0
"Tunisia","2012",2,2,0,0,0,0,2,2,0,3,2,1,0,0,0,3,2,1,1,0,1,0,0,0,1,0,1
"Tunisia","2013",1,0,1,0,0,0,1,0,1,1,0,1,0,0,0,1,0,1,0,0,0,0,0,0,0,0,0
"Tunisia","2014",2,2,0,-1,0,-1,3,2,1,3,2,1,0,0,0,3,2,1,1,0,1,1,0,1,0,0,0
"Tunisia","2015",2,2,0,0,0,0,2,2,0,4,3,1,0,0,0,4,3,1,2,1,1,0,0,0,2,1,1
"Tunisia","2016",3,3,0,0,0,0,3,3,0,4,4,0,0,0,0,4,4,0,1,1,0,0,0,0,1,1,0
"Tunisia","2017",3,2,1,0,0,0,3,2,1,4,2,2,0,0,0,4,2,2,1,0,1,0,0,0,1,0,1
"Tunisia","2018",2,0,2,0,0,0,2,0,2,5,2,3,0,0,0,5,2,3,3,2,1,0,0,0,3,2,1
"Tunisia","2019",3,3,0,0,0,0,3,3,0,3,3,0,0,0,0,3,3,0,0,0,0,0,0,0,0,0,0
"Tonga","2004",1,1,0,0,0,0,1,1,0,1,1,0,0,0,0,1,1,0,0,0,0,0,0,0,0,0,0
"Tonga","2005",0,0,0,0,0,0,0,0,0,0,0,0,0,0,0,0,0,0,0,0,0,0,0,0,0,0,0
"Tonga","2006",0,0,0,0,0,0,0,0,0,0,0,0,0,0,0,0,0,0,0,0,0,0,0,0,0,0,0
"Tonga","2007",0,0,0,0,0,0,0,0,0,0,0,0,0,0,0,0,0,0,0,0,0,0,0,0,0,0,0
"Tonga","2008",1,1,0,0,0,0,1,1,0,1,1,0,0,0,0,1,1,0,0,0,0,0,0,0,0,0,0
"Tonga","2009",-1,-1,0,0,0,0,-1,-1,0,0,0,0,0,0,0,0,0,0,1,1,0,0,0,0,1,1,0
"Tonga","2010",0,0,0,0,0,0,0,0,0,0,0,0,0,0,0,0,0,0,0,0,0,0,0,0,0,0,0
"Tonga","2011",0,0,0,0,0,0,0,0,0,0,0,0,0,0,0,0,0,0,0,0,0,0,0,0,0,0,0
"Tonga","2012",0,0,0,0,0,0,0,0,0,0,0,0,0,0,0,0,0,0,0,0,0,0,0,0,0,0,0
"Tonga","2013",0,0,0,0,0,0,0,0,0,0,0,0,0,0,0,0,0,0,0,0,0,0,0,0,0,0,0
"Tonga","2014",0,0,0,0,0,0,0,0,0,0,0,0,0,0,0,0,0,0,0,0,0,0,0,0,0,0,0
"Tonga","2015",0,0,0,0,0,0,0,0,0,0,0,0,0,0,0,0,0,0,0,0,0,0,0,0,0,0,0
"Tonga","2016",0,0,0,0,0,0,0,0,0,0,0,0,0,0,0,0,0,0,0,0,0,0,0,0,0,0,0
"Tonga","2017",0,0,0,0,0,0,0,0,0,0,0,0,0,0,0,0,0,0,0,0,0,0,0,0,0,0,0
"Tonga","2018",0,0,0,0,0,0,0,0,0,0,0,0,0,0,0,0,0,0,0,0,0,0,0,0,0,0,0
"Tonga","2019",0,0,0,0,0,0,0,0,0,0,0,0,0,0,0,0,0,0,0,0,0,0,0,0,0,0,0
"Turkey","2004",-1,0,-1,0,0,0,-1,0,-1,1,1,0,0,0,0,1,1,0,2,1,1,0,0,0,2,1,1
"Turkey","2005",7,6,1,0,0,0,7,6,1,7,6,1,0,0,0,7,6,1,0,0,0,0,0,0,0,0,0
"Turkey","2006",3,1,2,0,0,0,3,1,2,6,1,5,1,0,1,5,1,4,3,0,3,1,0,1,2,0,2
"Turkey","2007",-2,-5,3,0,0,0,-2,-5,3,6,3,3,0,0,0,6,3,3,8,8,0,0,0,0,8,8,0
"Turkey","2008",4,4,0,0,0,0,4,4,0,7,6,1,0,0,0,7,6,1,3,2,1,0,0,0,3,2,1
"Turkey","2009",-1,0,-1,-2,0,-2,1,0,1,2,1,1,0,0,0,2,1,1,3,1,2,2,0,2,1,1,0
"Turkey","2010",5,4,1,0,0,0,5,4,1,7,5,2,0,0,0,7,5,2,2,1,1,0,0,0,2,1,1
"Turkey","2011",2,1,1,-1,0,-1,3,1,2,3,1,2,0,0,0,3,1,2,1,0,1,1,0,1,0,0,0
"Turkey","2012",-2,1,-3,-5,-2,-3,3,3,0,3,3,0,0,0,0,3,3,0,5,2,3,5,2,3,0,0,0
"Turkey","2013",2,-2,4,-1,-2,1,3,0,3,12,5,7,5,1,4,7,4,3,10,7,3,6,3,3,4,4,0
"Turkey","2014",5,4,1,1,1,0,4,3,1,8,6,2,2,2,0,6,4,2,3,2,1,1,1,0,2,1,1
"Turkey","2015",10,7,3,6,4,2,4,3,1,14,9,5,7,4,3,7,5,2,4,2,2,1,0,1,3,2,1
"Turkey","2016",3,0,3,2,1,1,1,-1,2,8,4,4,2,1,1,6,3,3,5,4,1,0,0,0,5,4,1
"Turkey","2017",8,8,0,-1,-1,0,9,9,0,12,10,2,0,0,0,12,10,2,4,2,2,1,1,0,3,1,2
"Turkey","2018",6,5,1,0,1,-1,6,4,2,12,9,3,1,1,0,11,8,3,6,4,2,1,0,1,5,4,1
"Turkey","2019",6,2,4,-3,-1,-2,9,3,6,13,6,7,2,2,0,11,4,7,7,4,3,5,3,2,2,1,1
"Trinidad and Tobago","2004",-1,-1,0,0,0,0,-1,-1,0,0,0,0,0,0,0,0,0,0,1,1,0,0,0,0,1,1,0
"Trinidad and Tobago","2005",-1,-1,0,-1,-1,0,0,0,0,0,0,0,0,0,0,0,0,0,1,1,0,1,1,0,0,0,0
"Trinidad and Tobago","2006",0,0,0,0,0,0,0,0,0,0,0,0,0,0,0,0,0,0,0,0,0,0,0,0,0,0,0
"Trinidad and Tobago","2007",0,0,0,0,0,0,0,0,0,0,0,0,0,0,0,0,0,0,0,0,0,0,0,0,0,0,0
"Trinidad and Tobago","2008",0,0,0,0,0,0,0,0,0,0,0,0,0,0,0,0,0,0,0,0,0,0,0,0,0,0,0
"Trinidad and Tobago","2009",0,0,0,0,0,0,0,0,0,0,0,0,0,0,0,0,0,0,0,0,0,0,0,0,0,0,0
"Trinidad and Tobago","2010",0,0,0,0,0,0,0,0,0,0,0,0,0,0,0,0,0,0,0,0,0,0,0,0,0,0,0
"Trinidad and Tobago","2011",0,0,0,0,0,0,0,0,0,0,0,0,0,0,0,0,0,0,0,0,0,0,0,0,0,0,0
"Trinidad and Tobago","2012",0,0,0,0,0,0,0,0,0,0,0,0,0,0,0,0,0,0,0,0,0,0,0,0,0,0,0
"Trinidad and Tobago","2013",0,0,0,0,0,0,0,0,0,0,0,0,0,0,0,0,0,0,0,0,0,0,0,0,0,0,0
"Trinidad and Tobago","2014",0,0,0,0,0,0,0,0,0,2,2,0,0,0,0,2,2,0,2,2,0,0,0,0,2,2,0
"Trinidad and Tobago","2015",5,4,1,2,2,0,3,2,1,5,4,1,2,2,0,3,2,1,0,0,0,0,0,0,0,0,0
"Trinidad and Tobago","2016",0,0,0,0,0,0,0,0,0,2,2,0,0,0,0,2,2,0,2,2,0,0,0,0,2,2,0
"Trinidad and Tobago","2017",-1,-1,0,0,0,0,-1,-1,0,1,1,0,0,0,0,1,1,0,2,2,0,0,0,0,2,2,0
"Trinidad and Tobago","2018",1,0,1,0,0,0,1,0,1,2,1,1,0,0,0,2,1,1,1,1,0,0,0,0,1,1,0
"Trinidad and Tobago","2019",-1,-1,0,0,0,0,-1,-1,0,6,6,0,0,0,0,6,6,0,7,7,0,0,0,0,7,7,0
"Taiwan","2004",0,0,0,0,0,0,0,0,0,0,0,0,0,0,0,0,0,0,0,0,0,0,0,0,0,0,0
"Taiwan","2005",-1,-1,0,0,0,0,-1,-1,0,0,0,0,0,0,0,0,0,0,1,1,0,0,0,0,1,1,0
"Taiwan","2006",0,0,0,0,0,0,0,0,0,0,0,0,0,0,0,0,0,0,0,0,0,0,0,0,0,0,0
"Taiwan","2007",0,0,0,0,0,0,0,0,0,0,0,0,0,0,0,0,0,0,0,0,0,0,0,0,0,0,0
"Taiwan","2008",0,0,0,0,0,0,0,0,0,1,0,1,0,0,0,1,0,1,1,0,1,0,0,0,1,0,1
"Taiwan","2009",2,0,2,0,0,0,2,0,2,3,0,3,0,0,0,3,0,3,1,0,1,0,0,0,1,0,1
"Taiwan","2010",1,2,-1,0,0,0,1,2,-1,4,2,2,0,0,0,4,2,2,3,0,3,0,0,0,3,0,3
"Taiwan","2011",-1,-1,0,0,0,0,-1,-1,0,1,0,1,0,0,0,1,0,1,2,1,1,0,0,0,2,1,1
"Taiwan","2012",0,0,0,0,0,0,0,0,0,0,0,0,0,0,0,0,0,0,0,0,0,0,0,0,0,0,0
"Taiwan","2013",-1,-2,1,0,0,0,-1,-2,1,1,0,1,0,0,0,1,0,1,2,2,0,0,0,0,2,2,0
"Taiwan","2014",0,0,0,0,0,0,0,0,0,0,0,0,0,0,0,0,0,0,0,0,0,0,0,0,0,0,0
"Taiwan","2015",-3,-1,-2,0,0,0,-3,-1,-2,0,0,0,0,0,0,0,0,0,3,1,2,0,0,0,3,1,2
"Taiwan","2016",-5,-3,-2,-6,-3,-3,1,0,1,1,0,1,0,0,0,1,0,1,6,3,3,6,3,3,0,0,0
"Taiwan","2017",9,3,6,3,1,2,6,2,4,10,4,6,4,2,2,6,2,4,1,1,0,1,1,0,0,0,0
"Taiwan","2018",7,1,6,1,0,1,6,1,5,7,1,6,1,0,1,6,1,5,0,0,0,0,0,0,0,0,0
"Taiwan","2019",2,-1,3,0,0,0,2,-1,3,3,0,3,0,0,0,3,0,3,1,1,0,0,0,0,1,1,0
"Tanzania","2004",1,0,1,0,0,0,1,0,1,1,0,1,0,0,0,1,0,1,0,0,0,0,0,0,0,0,0
"Tanzania","2005",3,1,2,0,0,0,3,1,2,3,1,2,0,0,0,3,1,2,0,0,0,0,0,0,0,0,0
"Tanzania","2006",1,-1,2,-1,-1,0,2,0,2,8,5,3,5,4,1,3,1,2,7,6,1,6,5,1,1,1,0
"Tanzania","2007",3,2,1,0,0,0,3,2,1,3,2,1,0,0,0,3,2,1,0,0,0,0,0,0,0,0,0
"Tanzania","2008",-1,0,-1,0,0,0,-1,0,-1,3,2,1,0,0,0,3,2,1,4,2,2,0,0,0,4,2,2
"Tanzania","2009",-2,-1,-1,0,0,0,-2,-1,-1,0,0,0,0,0,0,0,0,0,2,1,1,0,0,0,2,1,1
"Tanzania","2010",3,0,3,1,1,0,2,-1,3,4,1,3,1,1,0,3,0,3,1,1,0,0,0,0,1,1,0
"Tanzania","2011",1,0,1,0,0,0,1,0,1,2,1,1,0,0,0,2,1,1,1,1,0,0,0,0,1,1,0
"Tanzania","2012",5,4,1,0,0,0,5,4,1,5,4,1,0,0,0,5,4,1,0,0,0,0,0,0,0,0,0
"Tanzania","2013",2,2,0,0,0,0,2,2,0,6,4,2,0,0,0,6,4,2,4,2,2,0,0,0,4,2,2
"Tanzania","2014",-3,-2,-1,-1,-1,0,-2,-1,-1,4,3,1,0,0,0,4,3,1,7,5,2,1,1,0,6,4,2
"Tanzania","2015",0,0,0,1,1,0,-1,-1,0,4,3,1,1,1,0,3,2,1,4,3,1,0,0,0,4,3,1
"Tanzania","2016",-2,-2,0,0,0,0,-2,-2,0,5,2,3,0,0,0,5,2,3,7,4,3,0,0,0,7,4,3
"Tanzania","2017",-2,0,-2,-1,0,-1,-1,0,-1,4,2,2,0,0,0,4,2,2,6,2,4,1,0,1,5,2,3
"Tanzania","2018",1,1,0,0,0,0,1,1,0,4,3,1,0,0,0,4,3,1,3,2,1,0,0,0,3,2,1
"Tanzania","2019",4,2,2,1,0,1,3,2,1,7,3,4,1,0,1,6,3,3,3,1,2,0,0,0,3,1,2
"Ukraine","2004",16,9,7,-1,0,-1,17,9,8,24,13,11,0,0,0,24,13,11,8,4,4,1,0,1,7,4,3
"Ukraine","2005",35,16,19,0,0,0,35,16,19,38,19,19,0,0,0,38,19,19,3,3,0,0,0,0,3,3,0
"Ukraine","2006",26,7,19,0,0,0,26,7,19,29,8,21,0,0,0,29,8,21,3,1,2,0,0,0,3,1,2
"Ukraine","2007",17,4,13,0,0,0,17,4,13,28,10,18,0,0,0,28,10,18,11,6,5,0,0,0,11,6,5
"Ukraine","2008",12,1,11,0,0,0,12,1,11,37,16,21,0,0,0,37,16,21,25,15,10,0,0,0,25,15,10
"Ukraine","2009",-4,-8,4,0,0,0,-4,-8,4,15,3,12,0,0,0,15,3,12,19,11,8,0,0,0,19,11,8
"Ukraine","2010",8,5,3,0,0,0,8,5,3,15,5,10,0,0,0,15,5,10,7,0,7,0,0,0,7,0,7
"Ukraine","2011",6,-3,9,-3,-3,0,9,0,9,22,5,17,0,0,0,22,5,17,16,8,8,3,3,0,13,5,8
"Ukraine","2012",31,6,25,0,0,0,31,6,25,35,6,29,0,0,0,35,6,29,4,0,4,0,0,0,4,0,4
"Ukraine","2013",16,8,8,1,1,0,15,7,8,27,12,15,2,1,1,25,11,14,11,4,7,1,0,1,10,4,6
"Ukraine","2014",12,5,7,-1,-1,0,13,6,7,20,8,12,0,0,0,20,8,12,8,3,5,1,1,0,7,2,5
"Ukraine","2015",27,12,15,0,0,0,27,12,15,31,14,17,0,0,0,31,14,17,4,2,2,0,0,0,4,2,2
"Ukraine","2016",29,13,16,-1,-1,0,30,14,16,38,17,21,0,0,0,38,17,21,9,4,5,1,1,0,8,3,5
"Ukraine","2017",26,10,16,0,0,0,26,10,16,34,14,20,0,0,0,34,14,20,8,4,4,0,0,0,8,4,4
"Ukraine","2018",31,16,15,0,0,0,31,16,15,43,19,24,0,0,0,43,19,24,12,3,9,0,0,0,12,3,9
"Ukraine","2019",22,8,14,-1,-1,0,23,9,14,36,14,22,0,0,0,36,14,22,14,6,8,1,1,0,13,5,8
"Uganda","2004",1,-1,2,0,0,0,1,-1,2,7,3,4,3,2,1,4,1,3,6,4,2,3,2,1,3,2,1
"Uganda","2005",-2,-1,-1,-4,-2,-2,2,1,1,3,2,1,0,0,0,3,2,1,5,3,2,4,2,2,1,1,0
"Uganda","2006",9,5,4,4,2,2,5,3,2,12,7,5,4,2,2,8,5,3,3,2,1,0,0,0,3,2,1
"Uganda","2007",8,1,7,1,0,1,7,1,6,10,3,7,1,0,1,9,3,6,2,2,0,0,0,0,2,2,0
"Uganda","2008",1,1,0,0,0,0,1,1,0,7,4,3,0,0,0,7,4,3,6,3,3,0,0,0,6,3,3
"Uganda","2009",-2,-1,-1,0,0,0,-2,-1,-1,9,8,1,0,0,0,9,8,1,11,9,2,0,0,0,11,9,2
"Uganda","2010",11,5,6,3,1,2,8,4,4,12,6,6,3,1,2,9,5,4,1,1,0,0,0,0,1,1,0
"Uganda","2011",8,4,4,0,0,0,8,4,4,12,5,7,0,0,0,12,5,7,4,1,3,0,0,0,4,1,3
"Uganda","2012",5,0,5,-1,-1,0,6,1,5,8,3,5,0,0,0,8,3,5,3,3,0,1,1,0,2,2,0
"Uganda","2013",-8,-5,-3,0,0,0,-8,-5,-3,7,3,4,0,0,0,7,3,4,15,8,7,0,0,0,15,8,7
"Uganda","2014",3,3,0,2,2,0,1,1,0,13,8,5,2,2,0,11,6,5,10,5,5,0,0,0,10,5,5
"Uganda","2015",6,2,4,2,1,1,4,1,3,13,6,7,2,1,1,11,5,6,7,4,3,0,0,0,7,4,3
"Uganda","2016",-2,0,-2,-1,-1,0,-1,1,-2,13,8,5,0,0,0,13,8,5,15,8,7,1,1,0,14,7,7
"Uganda","2017",5,3,2,0,0,0,5,3,2,12,7,5,0,0,0,12,7,5,7,4,3,0,0,0,7,4,3
"Uganda","2018",10,3,7,0,0,0,10,3,7,17,7,10,0,0,0,17,7,10,7,4,3,0,0,0,7,4,3
"Uganda","2019",22,16,6,0,0,0,22,16,6,29,21,8,0,0,0,29,21,8,7,5,2,0,0,0,7,5,2
"United States","2004",-89,-43,-46,-95,-41,-54,6,-2,8,289,144,145,193,86,107,96,58,38,378,187,191,288,127,161,90,60,30
"United States","2005",102,72,30,18,19,-1,84,53,31,365,205,160,225,120,105,140,85,55,263,133,130,207,101,106,56,32,24
"United States","2006",122,81,41,11,-2,13,111,83,28,427,234,193,219,97,122,208,137,71,305,153,152,208,99,109,97,54,43
"United States","2007",-47,10,-57,-49,4,-53,2,6,-4,428,248,180,281,146,135,147,102,45,475,238,237,330,142,188,145,96,49
"United States","2008",-24,-26,2,20,9,11,-44,-35,-9,385,197,188,239,112,127,146,85,61,409,223,186,219,103,116,190,120,70
"United States","2009",-75,-45,-30,-77,-34,-43,2,-11,13,267,133,134,131,64,67,136,69,67,342,178,164,208,98,110,134,80,54
"United States","2010",-129,-61,-68,-136,-74,-62,7,13,-6,264,137,127,132,62,70,132,75,57,393,198,195,268,136,132,125,62,63
"United States","2011",-56,-35,-21,-55,-28,-27,-1,-7,6,249,122,127,128,58,70,121,64,57,305,157,148,183,86,97,122,71,51
"United States","2012",32,42,-10,-94,-43,-51,126,85,41,329,175,154,134,56,78,195,119,76,297,133,164,228,99,129,69,34,35
"United States","2013",9,8,1,-28,-26,-2,37,34,3,368,193,175,164,76,88,204,117,87,359,185,174,192,102,90,167,83,84
"United States","2014",-49,-42,-7,-32,-12,-20,-17,-30,13,355,176,179,176,88,88,179,88,91,404,218,186,208,100,108,196,118,78
"United States","2015",-28,-19,-9,-67,-35,-32,39,16,23,336,181,155,114,56,58,222,125,97,364,200,164,181,91,90,183,109,74
"United States","2016",19,12,7,-49,-15,-34,68,27,41,443,222,221,164,86,78,279,136,143,424,210,214,213,101,112,211,109,102
"United States","2017",122,45,77,30,11,19,92,34,58,512,230,282,174,82,92,338,148,190,390,185,205,144,71,73,246,114,132
"United States","2018",183,95,88,58,27,31,125,68,57,500,241,259,183,87,96,317,154,163,317,146,171,125,60,65,192,86,106
"United States","2019",132,55,77,45,14,31,87,41,46,451,228,223,174,81,93,277,147,130,319,173,146,129,67,62,190,106,84
"Uruguay","2004",0,0,0,0,0,0,0,0,0,0,0,0,0,0,0,0,0,0,0,0,0,0,0,0,0,0,0
"Uruguay","2005",5,5,0,0,0,0,5,5,0,6,6,0,0,0,0,6,6,0,1,1,0,0,0,0,1,1,0
"Uruguay","2006",1,1,0,0,0,0,1,1,0,1,1,0,0,0,0,1,1,0,0,0,0,0,0,0,0,0,0
"Uruguay","2007",-4,-4,0,0,0,0,-4,-4,0,1,1,0,0,0,0,1,1,0,5,5,0,0,0,0,5,5,0
"Uruguay","2008",-1,-1,0,0,0,0,-1,-1,0,0,0,0,0,0,0,0,0,0,1,1,0,0,0,0,1,1,0
"Uruguay","2009",0,0,0,0,0,0,0,0,0,0,0,0,0,0,0,0,0,0,0,0,0,0,0,0,0,0,0
"Uruguay","2010",0,0,0,0,0,0,0,0,0,0,0,0,0,0,0,0,0,0,0,0,0,0,0,0,0,0,0
"Uruguay","2011",-1,-1,0,0,0,0,-1,-1,0,1,1,0,0,0,0,1,1,0,2,2,0,0,0,0,2,2,0
"Uruguay","2012",0,0,0,0,0,0,0,0,0,0,0,0,0,0,0,0,0,0,0,0,0,0,0,0,0,0,0
"Uruguay","2013",0,0,0,0,0,0,0,0,0,0,0,0,0,0,0,0,0,0,0,0,0,0,0,0,0,0,0
"Uruguay","2014",0,0,0,0,0,0,0,0,0,0,0,0,0,0,0,0,0,0,0,0,0,0,0,0,0,0,0
"Uruguay","2015",-1,-1,0,-1,-1,0,0,0,0,0,0,0,0,0,0,0,0,0,1,1,0,1,1,0,0,0,0
"Uruguay","2016",2,1,1,0,0,0,2,1,1,2,1,1,0,0,0,2,1,1,0,0,0,0,0,0,0,0,0
"Uruguay","2017",2,1,1,1,1,0,1,0,1,2,1,1,1,1,0,1,0,1,0,0,0,0,0,0,0,0,0
"Uruguay","2018",0,1,-1,0,0,0,0,1,-1,1,1,0,0,0,0,1,1,0,1,0,1,0,0,0,1,0,1
"Uruguay","2019",0,0,0,0,0,0,0,0,0,0,0,0,0,0,0,0,0,0,0,0,0,0,0,0,0,0,0
"Uzbekistan","2004",4,3,1,0,0,0,4,3,1,4,3,1,0,0,0,4,3,1,0,0,0,0,0,0,0,0,0
"Uzbekistan","2005",0,0,0,0,0,0,0,0,0,0,0,0,0,0,0,0,0,0,0,0,0,0,0,0,0,0,0
"Uzbekistan","2006",-1,-1,0,0,0,0,-1,-1,0,0,0,0,0,0,0,0,0,0,1,1,0,0,0,0,1,1,0
"Uzbekistan","2007",0,0,0,0,0,0,0,0,0,0,0,0,0,0,0,0,0,0,0,0,0,0,0,0,0,0,0
"Uzbekistan","2008",1,1,0,0,0,0,1,1,0,1,1,0,0,0,0,1,1,0,0,0,0,0,0,0,0,0,0
"Uzbekistan","2009",0,0,0,0,0,0,0,0,0,1,1,0,0,0,0,1,1,0,1,1,0,0,0,0,1,1,0
"Uzbekistan","2010",0,0,0,0,0,0,0,0,0,0,0,0,0,0,0,0,0,0,0,0,0,0,0,0,0,0,0
"Uzbekistan","2011",1,0,1,0,0,0,1,0,1,1,0,1,0,0,0,1,0,1,0,0,0,0,0,0,0,0,0
"Uzbekistan","2012",3,2,1,0,0,0,3,2,1,3,2,1,0,0,0,3,2,1,0,0,0,0,0,0,0,0,0
"Uzbekistan","2013",0,0,0,0,0,0,0,0,0,0,0,0,0,0,0,0,0,0,0,0,0,0,0,0,0,0,0
"Uzbekistan","2014",0,0,0,0,0,0,0,0,0,1,0,1,0,0,0,1,0,1,1,0,1,0,0,0,1,0,1
"Uzbekistan","2015",2,0,2,0,0,0,2,0,2,3,1,2,0,0,0,3,1,2,1,1,0,0,0,0,1,1,0
"Uzbekistan","2016",-2,-1,-1,0,0,0,-2,-1,-1,0,0,0,0,0,0,0,0,0,2,1,1,0,0,0,2,1,1
"Uzbekistan","2017",1,1,0,0,0,0,1,1,0,2,2,0,0,0,0,2,2,0,1,1,0,0,0,0,1,1,0
"Uzbekistan","2018",0,0,0,0,0,0,0,0,0,2,1,1,0,0,0,2,1,1,2,1,1,0,0,0,2,1,1
"Uzbekistan","2019",-1,-1,0,0,0,0,-1,-1,0,1,0,1,0,0,0,1,0,1,2,1,1,0,0,0,2,1,1
"Saint Vincent and the Grenadines","2004",1,1,0,1,1,0,0,0,0,1,1,0,1,1,0,0,0,0,0,0,0,0,0,0,0,0,0
"Saint Vincent and the Grenadines","2005",0,0,0,0,0,0,0,0,0,0,0,0,0,0,0,0,0,0,0,0,0,0,0,0,0,0,0
"Saint Vincent and the Grenadines","2006",0,0,0,0,0,0,0,0,0,0,0,0,0,0,0,0,0,0,0,0,0,0,0,0,0,0,0
"Saint Vincent and the Grenadines","2007",0,0,0,0,0,0,0,0,0,0,0,0,0,0,0,0,0,0,0,0,0,0,0,0,0,0,0
"Saint Vincent and the Grenadines","2008",0,0,0,0,0,0,0,0,0,0,0,0,0,0,0,0,0,0,0,0,0,0,0,0,0,0,0
"Saint Vincent and the Grenadines","2009",0,0,0,0,0,0,0,0,0,0,0,0,0,0,0,0,0,0,0,0,0,0,0,0,0,0,0
"Saint Vincent and the Grenadines","2010",0,0,0,0,0,0,0,0,0,0,0,0,0,0,0,0,0,0,0,0,0,0,0,0,0,0,0
"Saint Vincent and the Grenadines","2011",0,0,0,0,0,0,0,0,0,0,0,0,0,0,0,0,0,0,0,0,0,0,0,0,0,0,0
"Saint Vincent and the Grenadines","2012",1,0,1,0,0,0,1,0,1,1,0,1,0,0,0,1,0,1,0,0,0,0,0,0,0,0,0
"Saint Vincent and the Grenadines","2013",0,0,0,0,0,0,0,0,0,1,0,1,0,0,0,1,0,1,1,0,1,0,0,0,1,0,1
"Saint Vincent and the Grenadines","2014",0,0,0,0,0,0,0,0,0,2,0,2,0,0,0,2,0,2,2,0,2,0,0,0,2,0,2
"Saint Vincent and the Grenadines","2015",-1,0,-1,0,0,0,-1,0,-1,0,0,0,0,0,0,0,0,0,1,0,1,0,0,0,1,0,1
"Saint Vincent and the Grenadines","2016",1,0,1,0,0,0,1,0,1,1,0,1,0,0,0,1,0,1,0,0,0,0,0,0,0,0,0
"Saint Vincent and the Grenadines","2017",1,1,0,0,0,0,1,1,0,1,1,0,0,0,0,1,1,0,0,0,0,0,0,0,0,0,0
"Saint Vincent and the Grenadines","2018",-2,-1,-1,0,0,0,-2,-1,-1,0,0,0,0,0,0,0,0,0,2,1,1,0,0,0,2,1,1
"Saint Vincent and the Grenadines","2019",1,1,0,1,1,0,0,0,0,2,2,0,1,1,0,1,1,0,1,1,0,0,0,0,1,1,0
"Venezuela","2004",0,0,0,0,0,0,0,0,0,0,0,0,0,0,0,0,0,0,0,0,0,0,0,0,0,0,0
"Venezuela","2005",4,1,3,0,0,0,4,1,3,4,1,3,0,0,0,4,1,3,0,0,0,0,0,0,0,0,0
"Venezuela","2006",9,8,1,0,0,0,9,8,1,9,8,1,0,0,0,9,8,1,0,0,0,0,0,0,0,0,0
"Venezuela","2007",4,1,3,0,0,0,4,1,3,5,2,3,0,0,0,5,2,3,1,1,0,0,0,0,1,1,0
"Venezuela","2008",-3,-3,0,0,0,0,-3,-3,0,6,3,3,1,0,1,5,3,2,9,6,3,1,0,1,8,6,2
"Venezuela","2009",0,0,0,0,0,0,0,0,0,1,1,0,0,0,0,1,1,0,1,1,0,0,0,0,1,1,0
"Venezuela","2010",2,2,0,0,0,0,2,2,0,2,2,0,0,0,0,2,2,0,0,0,0,0,0,0,0,0,0
"Venezuela","2011",2,-1,3,0,0,0,2,-1,3,3,0,3,0,0,0,3,0,3,1,1,0,0,0,0,1,1,0
"Venezuela","2012",1,0,1,1,0,1,0,0,0,3,1,2,3,1,2,0,0,0,2,1,1,2,1,1,0,0,0
"Venezuela","2013",2,2,0,0,0,0,2,2,0,3,2,1,0,0,0,3,2,1,1,0,1,0,0,0,1,0,1
"Venezuela","2014",-1,-1,0,0,0,0,-1,-1,0,1,0,1,0,0,0,1,0,1,2,1,1,0,0,0,2,1,1
"Venezuela","2015",-1,0,-1,0,0,0,-1,0,-1,1,1,0,0,0,0,1,1,0,2,1,1,0,0,0,2,1,1
"Venezuela","2016",10,6,4,1,1,0,9,5,4,10,6,4,1,1,0,9,5,4,0,0,0,0,0,0,0,0,0
"Venezuela","2017",14,6,8,0,0,0,14,6,8,14,6,8,0,0,0,14,6,8,0,0,0,0,0,0,0,0,0
"Venezuela","2018",17,9,8,0,0,0,17,9,8,17,9,8,0,0,0,17,9,8,0,0,0,0,0,0,0,0,0
"Venezuela","2019",134,62,72,0,0,0,134,62,72,134,62,72,0,0,0,134,62,72,0,0,0,0,0,0,0,0,0
"Virgin Islands, British","2004",0,0,0,0,0,0,0,0,0,0,0,0,0,0,0,0,0,0,0,0,0,0,0,0,0,0,0
"Virgin Islands, British","2005",0,0,0,0,0,0,0,0,0,0,0,0,0,0,0,0,0,0,0,0,0,0,0,0,0,0,0
"Virgin Islands, British","2006",0,0,0,0,0,0,0,0,0,0,0,0,0,0,0,0,0,0,0,0,0,0,0,0,0,0,0
"Virgin Islands, British","2007",0,0,0,0,0,0,0,0,0,0,0,0,0,0,0,0,0,0,0,0,0,0,0,0,0,0,0
"Virgin Islands, British","2008",0,0,0,0,0,0,0,0,0,0,0,0,0,0,0,0,0,0,0,0,0,0,0,0,0,0,0
"Virgin Islands, British","2009",0,0,0,0,0,0,0,0,0,0,0,0,0,0,0,0,0,0,0,0,0,0,0,0,0,0,0
"Virgin Islands, British","2010",0,0,0,0,0,0,0,0,0,0,0,0,0,0,0,0,0,0,0,0,0,0,0,0,0,0,0
"Virgin Islands, British","2011",-1,-1,0,-1,-1,0,0,0,0,0,0,0,0,0,0,0,0,0,1,1,0,1,1,0,0,0,0
"Virgin Islands, British","2012",0,0,0,0,0,0,0,0,0,0,0,0,0,0,0,0,0,0,0,0,0,0,0,0,0,0,0
"Virgin Islands, British","2013",1,1,0,1,1,0,0,0,0,1,1,0,1,1,0,0,0,0,0,0,0,0,0,0,0,0,0
"Virgin Islands, British","2014",0,0,0,0,0,0,0,0,0,0,0,0,0,0,0,0,0,0,0,0,0,0,0,0,0,0,0
"Virgin Islands, British","2015",0,0,0,0,0,0,0,0,0,0,0,0,0,0,0,0,0,0,0,0,0,0,0,0,0,0,0
"Virgin Islands, British","2016",0,0,0,0,0,0,0,0,0,0,0,0,0,0,0,0,0,0,0,0,0,0,0,0,0,0,0
"Virgin Islands, British","2017",0,0,0,0,0,0,0,0,0,0,0,0,0,0,0,0,0,0,0,0,0,0,0,0,0,0,0
"Virgin Islands, British","2018",0,0,0,0,0,0,0,0,0,0,0,0,0,0,0,0,0,0,0,0,0,0,0,0,0,0,0
"Virgin Islands, British","2019",0,0,0,0,0,0,0,0,0,0,0,0,0,0,0,0,0,0,0,0,0,0,0,0,0,0,0
"Viet Nam","2004",24,10,14,0,0,0,24,10,14,28,13,15,0,0,0,28,13,15,4,3,1,0,0,0,4,3,1
"Viet Nam","2005",31,13,18,0,0,0,31,13,18,32,14,18,0,0,0,32,14,18,1,1,0,0,0,0,1,1,0
"Viet Nam","2006",26,15,11,0,0,0,26,15,11,26,15,11,0,0,0,26,15,11,0,0,0,0,0,0,0,0,0
"Viet Nam","2007",15,6,9,0,0,0,15,6,9,22,12,10,0,0,0,22,12,10,7,6,1,0,0,0,7,6,1
"Viet Nam","2008",32,14,18,-4,-1,-3,36,15,21,42,18,24,0,0,0,42,18,24,10,4,6,4,1,3,6,3,3
"Viet Nam","2009",10,1,9,-6,-3,-3,16,4,12,22,9,13,1,1,0,21,8,13,12,8,4,7,4,3,5,4,1
"Viet Nam","2010",33,15,18,-3,-1,-2,36,16,20,37,16,21,0,0,0,37,16,21,4,1,3,3,1,2,1,0,1
"Viet Nam","2011",26,11,15,-3,0,-3,29,11,18,36,14,22,0,0,0,36,14,22,10,3,7,3,0,3,7,3,4
"Viet Nam","2012",18,7,11,-1,-1,0,19,8,11,21,9,12,1,1,0,20,8,12,3,2,1,2,2,0,1,0,1
"Viet Nam","2013",28,9,19,0,0,0,28,9,19,32,12,20,0,0,0,32,12,20,4,3,1,0,0,0,4,3,1
"Viet Nam","2014",34,20,14,0,0,0,34,20,14,41,21,20,0,0,0,41,21,20,7,1,6,0,0,0,7,1,6
"Viet Nam","2015",29,14,15,-5,-1,-4,34,15,19,41,19,22,1,1,0,40,18,22,12,5,7,6,2,4,6,3,3
"Viet Nam","2016",64,15,49,5,1,4,59,14,45,70,18,52,5,1,4,65,17,48,6,3,3,0,0,0,6,3,3
"Viet Nam","2017",64,30,34,3,1,2,61,29,32,70,32,38,3,1,2,67,31,36,6,2,4,0,0,0,6,2,4
"Viet Nam","2018",71,32,39,0,0,0,71,32,39,77,36,41,0,0,0,77,36,41,6,4,2,0,0,0,6,4,2
"Viet Nam","2019",44,26,18,-2,-1,-1,46,27,19,58,31,27,0,0,0,58,31,27,14,5,9,2,1,1,12,4,8
"Samoa","2004",0,0,0,0,0,0,0,0,0,0,0,0,0,0,0,0,0,0,0,0,0,0,0,0,0,0,0
"Samoa","2005",0,0,0,0,0,0,0,0,0,0,0,0,0,0,0,0,0,0,0,0,0,0,0,0,0,0,0
"Samoa","2006",0,0,0,0,0,0,0,0,0,0,0,0,0,0,0,0,0,0,0,0,0,0,0,0,0,0,0
"Samoa","2007",0,0,0,0,0,0,0,0,0,0,0,0,0,0,0,0,0,0,0,0,0,0,0,0,0,0,0
"Samoa","2008",0,0,0,0,0,0,0,0,0,0,0,0,0,0,0,0,0,0,0,0,0,0,0,0,0,0,0
"Samoa","2009",0,0,0,0,0,0,0,0,0,0,0,0,0,0,0,0,0,0,0,0,0,0,0,0,0,0,0
"Samoa","2010",0,0,0,0,0,0,0,0,0,0,0,0,0,0,0,0,0,0,0,0,0,0,0,0,0,0,0
"Samoa","2011",0,0,0,0,0,0,0,0,0,0,0,0,0,0,0,0,0,0,0,0,0,0,0,0,0,0,0
"Samoa","2012",0,0,0,0,0,0,0,0,0,0,0,0,0,0,0,0,0,0,0,0,0,0,0,0,0,0,0
"Samoa","2013",0,0,0,0,0,0,0,0,0,0,0,0,0,0,0,0,0,0,0,0,0,0,0,0,0,0,0
"Samoa","2014",0,0,0,0,0,0,0,0,0,0,0,0,0,0,0,0,0,0,0,0,0,0,0,0,0,0,0
"Samoa","2015",1,0,1,0,0,0,1,0,1,1,0,1,0,0,0,1,0,1,0,0,0,0,0,0,0,0,0
"Samoa","2016",0,0,0,0,0,0,0,0,0,0,0,0,0,0,0,0,0,0,0,0,0,0,0,0,0,0,0
"Samoa","2017",0,0,0,0,0,0,0,0,0,0,0,0,0,0,0,0,0,0,0,0,0,0,0,0,0,0,0
"Samoa","2018",0,0,0,0,0,0,0,0,0,0,0,0,0,0,0,0,0,0,0,0,0,0,0,0,0,0,0
"Samoa","2019",0,0,0,0,0,0,0,0,0,0,0,0,0,0,0,0,0,0,0,0,0,0,0,0,0,0,0
"Europe, country not specified","2004",-17,-6,-11,3,2,1,-20,-8,-12,4,3,1,3,2,1,1,1,0,21,9,12,0,0,0,21,9,12
"Europe, country not specified","2005",-12,-3,-9,2,1,1,-14,-4,-10,4,3,1,4,3,1,0,0,0,16,6,10,2,2,0,14,4,10
"Europe, country not specified","2006",-4,-3,-1,3,0,3,-7,-3,-4,4,0,4,3,0,3,1,0,1,8,3,5,0,0,0,8,3,5
"Europe, country not specified","2007",-10,1,-11,6,3,3,-16,-2,-14,11,4,7,6,3,3,5,1,4,21,3,18,0,0,0,21,3,18
"Europe, country not specified","2008",-1,3,-4,2,1,1,-3,2,-5,10,6,4,5,3,2,5,3,2,11,3,8,3,2,1,8,1,7
"Europe, country not specified","2009",-11,-7,-4,3,-1,4,-14,-6,-8,10,2,8,5,0,5,5,2,3,21,9,12,2,1,1,19,8,11
"Europe, country not specified","2010",-9,-1,-8,3,2,1,-12,-3,-9,11,6,5,5,3,2,6,3,3,20,7,13,2,1,1,18,6,12
"Europe, country not specified","2011",-1,2,-3,6,5,1,-7,-3,-4,14,8,6,7,6,1,7,2,5,15,6,9,1,1,0,14,5,9
"Europe, country not specified","2012",1,4,-3,6,3,3,-5,1,-6,18,9,9,9,5,4,9,4,5,17,5,12,3,2,1,14,3,11
"Europe, country not specified","2013",-12,-5,-7,2,0,2,-14,-5,-9,13,6,7,5,3,2,8,3,5,25,11,14,3,3,0,22,8,14
"Europe, country not specified","2014",1,5,-4,4,4,0,-3,1,-4,8,7,1,5,5,0,3,2,1,7,2,5,1,1,0,6,1,5
"Europe, country not specified","2015",-5,-3,-2,0,0,0,-5,-3,-2,14,5,9,5,2,3,9,3,6,19,8,11,5,2,3,14,6,8
"Europe, country not specified","2016",3,2,1,9,5,4,-6,-3,-3,14,5,9,9,5,4,5,0,5,11,3,8,0,0,0,11,3,8
"Europe, country not specified","2017",0,1,-1,9,3,6,-9,-2,-7,17,9,8,9,3,6,8,6,2,17,8,9,0,0,0,17,8,9
"Europe, country not specified","2018",0,-1,1,5,2,3,-5,-3,-2,13,7,6,5,2,3,8,5,3,13,8,5,0,0,0,13,8,5
"Europe, country not specified","2019",-1,2,-3,8,5,3,-9,-3,-6,16,8,8,9,5,4,7,3,4,17,6,11,1,0,1,16,6,10
"Americas, country not specified","2004",-3,-2,-1,1,1,0,-4,-3,-1,1,1,0,1,1,0,0,0,0,4,3,1,0,0,0,4,3,1
"Americas, country not specified","2005",-2,-1,-1,1,0,1,-3,-1,-2,1,0,1,1,0,1,0,0,0,3,1,2,0,0,0,3,1,2
"Americas, country not specified","2006",-2,-1,-1,2,2,0,-4,-3,-1,2,2,0,2,2,0,0,0,0,4,3,1,0,0,0,4,3,1
"Americas, country not specified","2007",1,1,0,3,2,1,-2,-1,-1,5,3,2,4,3,1,1,0,1,4,2,2,1,1,0,3,1,2
"Americas, country not specified","2008",2,2,0,2,2,0,0,0,0,3,2,1,3,2,1,0,0,0,1,0,1,1,0,1,0,0,0
"Americas, country not specified","2009",-2,0,-2,0,0,0,-2,0,-2,1,0,1,0,0,0,1,0,1,3,0,3,0,0,0,3,0,3
"Americas, country not specified","2010",-1,-2,1,1,0,1,-2,-2,0,1,0,1,1,0,1,0,0,0,2,2,0,0,0,0,2,2,0
"Americas, country not specified","2011",0,-2,2,0,-1,1,0,-1,1,5,2,3,4,2,2,1,0,1,5,4,1,4,3,1,1,1,0
"Americas, country not specified","2012",6,4,2,10,6,4,-4,-2,-2,10,6,4,10,6,4,0,0,0,4,2,2,0,0,0,4,2,2
"Americas, country not specified","2013",1,1,0,3,1,2,-2,0,-2,3,1,2,3,1,2,0,0,0,2,0,2,0,0,0,2,0,2
"Americas, country not specified","2014",2,2,0,4,2,2,-2,0,-2,5,2,3,4,2,2,1,0,1,3,0,3,0,0,0,3,0,3
"Americas, country not specified","2015",-4,-3,-1,-2,-2,0,-2,-1,-1,6,4,2,5,3,2,1,1,0,10,7,3,7,5,2,3,2,1
"Americas, country not specified","2016",7,3,4,7,3,4,0,0,0,8,4,4,8,4,4,0,0,0,1,1,0,1,1,0,0,0,0
"Americas, country not specified","2017",-7,-4,-3,-2,-2,0,-5,-2,-3,2,1,1,2,1,1,0,0,0,9,5,4,4,3,1,5,2,3
"Americas, country not specified","2018",3,-1,4,4,0,4,-1,-1,0,7,2,5,6,1,5,1,1,0,4,3,1,2,1,1,2,2,0
"Americas, country not specified","2019",9,3,6,9,4,5,0,-1,1,10,4,6,9,4,5,1,0,1,1,1,0,0,0,0,1,1,0
"Africa, country not specified","2004",-3,-3,0,-3,-3,0,0,0,0,3,1,2,3,1,2,0,0,0,6,4,2,6,4,2,0,0,0
"Africa, country not specified","2005",-2,0,-2,-2,0,-2,0,0,0,4,2,2,4,2,2,0,0,0,6,2,4,6,2,4,0,0,0
"Africa, country not specified","2006",-9,-9,0,-8,-8,0,-1,-1,0,2,2,0,2,2,0,0,0,0,11,11,0,10,10,0,1,1,0
"Africa, country not specified","2007",0,0,0,0,0,0,0,0,0,4,3,1,4,3,1,0,0,0,4,3,1,4,3,1,0,0,0
"Africa, country not specified","2008",-7,-7,0,-7,-7,0,0,0,0,5,5,0,5,5,0,0,0,0,12,12,0,12,12,0,0,0,0
"Africa, country not specified","2009",-4,-5,1,-3,-4,1,-1,-1,0,5,4,1,5,4,1,0,0,0,9,9,0,8,8,0,1,1,0
"Africa, country not specified","2010",-4,-3,-1,-3,-3,0,-1,0,-1,4,4,0,4,4,0,0,0,0,8,7,1,7,7,0,1,0,1
"Africa, country not specified","2011",-1,0,-1,1,1,0,-2,-1,-1,5,5,0,5,5,0,0,0,0,6,5,1,4,4,0,2,1,1
"Africa, country not specified","2012",-1,-1,0,-1,-1,0,0,0,0,5,4,1,5,4,1,0,0,0,6,5,1,6,5,1,0,0,0
"Africa, country not specified","2013",2,1,1,2,1,1,0,0,0,7,6,1,7,6,1,0,0,0,5,5,0,5,5,0,0,0,0
"Africa, country not specified","2014",1,1,0,1,1,0,0,0,0,3,3,0,3,3,0,0,0,0,2,2,0,2,2,0,0,0,0
"Africa, country not specified","2015",3,3,0,3,3,0,0,0,0,4,4,0,4,4,0,0,0,0,1,1,0,1,1,0,0,0,0
"Africa, country not specified","2016",-2,-1,-1,-2,-1,-1,0,0,0,2,2,0,2,2,0,0,0,0,4,3,1,4,3,1,0,0,0
"Africa, country not specified","2017",9,8,1,8,7,1,1,1,0,9,8,1,8,7,1,1,1,0,0,0,0,0,0,0,0,0,0
"Africa, country not specified","2018",11,9,2,7,6,1,4,3,1,11,9,2,7,6,1,4,3,1,0,0,0,0,0,0,0,0,0
"Africa, country not specified","2019",5,4,1,5,4,1,0,0,0,5,4,1,5,4,1,0,0,0,0,0,0,0,0,0,0,0,0
"Asia, country not specified","2004",-5,-2,-3,0,0,0,-5,-2,-3,0,0,0,0,0,0,0,0,0,5,2,3,0,0,0,5,2,3
"Asia, country not specified","2005",-9,-2,-7,-2,-1,-1,-7,-1,-6,2,2,0,0,0,0,2,2,0,11,4,7,2,1,1,9,3,6
"Asia, country not specified","2006",-1,-4,3,4,0,4,-5,-4,-1,4,0,4,4,0,4,0,0,0,5,4,1,0,0,0,5,4,1
"Asia, country not specified","2007",-5,-4,-1,5,2,3,-10,-6,-4,6,2,4,5,2,3,1,0,1,11,6,5,0,0,0,11,6,5
"Asia, country not specified","2008",-6,-2,-4,1,1,0,-7,-3,-4,1,1,0,1,1,0,0,0,0,7,3,4,0,0,0,7,3,4
"Asia, country not specified","2009",-9,-6,-3,0,-2,2,-9,-4,-5,4,1,3,4,1,3,0,0,0,13,7,6,4,3,1,9,4,5
"Asia, country not specified","2010",-4,-1,-3,1,1,0,-5,-2,-3,5,3,2,5,3,2,0,0,0,9,4,5,4,2,2,5,2,3
"Asia, country not specified","2011",3,1,2,3,2,1,0,-1,1,6,2,4,3,2,1,3,0,3,3,1,2,0,0,0,3,1,2
"Asia, country not specified","2012",1,0,1,3,3,0,-2,-3,1,6,3,3,3,3,0,3,0,3,5,3,2,0,0,0,5,3,2
"Asia, country not specified","2013",8,2,6,8,3,5,0,-1,1,12,4,8,8,3,5,4,1,3,4,2,2,0,0,0,4,2,2
"Asia, country not specified","2014",3,1,2,7,2,5,-4,-1,-3,7,2,5,7,2,5,0,0,0,4,1,3,0,0,0,4,1,3
"Asia, country not specified","2015",10,8,2,13,9,4,-3,-1,-2,15,10,5,13,9,4,2,1,1,5,2,3,0,0,0,5,2,3
"Asia, country not specified","2016",7,6,1,11,5,6,-4,1,-5,12,6,6,11,5,6,1,1,0,5,0,5,0,0,0,5,0,5
"Asia, country not specified","2017",7,6,1,9,6,3,-2,0,-2,10,7,3,9,6,3,1,1,0,3,1,2,0,0,0,3,1,2
"Asia, country not specified","2018",10,4,6,10,4,6,0,0,0,12,5,7,11,4,7,1,1,0,2,1,1,1,0,1,1,1,0
"Asia, country not specified","2019",8,7,1,10,7,3,-2,0,-2,10,7,3,10,7,3,0,0,0,2,0,2,0,0,0,2,0,2
"Oceania, country not specified","2004",2,2,0,2,2,0,0,0,0,2,2,0,2,2,0,0,0,0,0,0,0,0,0,0,0,0,0
"Oceania, country not specified","2005",0,0,0,0,0,0,0,0,0,0,0,0,0,0,0,0,0,0,0,0,0,0,0,0,0,0,0
"Oceania, country not specified","2006",-1,-1,0,0,0,0,-1,-1,0,0,0,0,0,0,0,0,0,0,1,1,0,0,0,0,1,1,0
"Oceania, country not specified","2007",0,0,0,0,0,0,0,0,0,0,0,0,0,0,0,0,0,0,0,0,0,0,0,0,0,0,0
"Oceania, country not specified","2008",-1,-1,0,0,0,0,-1,-1,0,0,0,0,0,0,0,0,0,0,1,1,0,0,0,0,1,1,0
"Oceania, country not specified","2009",0,0,0,0,0,0,0,0,0,0,0,0,0,0,0,0,0,0,0,0,0,0,0,0,0,0,0
"Oceania, country not specified","2010",0,0,0,0,0,0,0,0,0,0,0,0,0,0,0,0,0,0,0,0,0,0,0,0,0,0,0
"Oceania, country not specified","2011",0,0,0,0,0,0,0,0,0,0,0,0,0,0,0,0,0,0,0,0,0,0,0,0,0,0,0
"Oceania, country not specified","2012",0,0,0,0,0,0,0,0,0,0,0,0,0,0,0,0,0,0,0,0,0,0,0,0,0,0,0
"Oceania, country not specified","2013",0,0,0,0,0,0,0,0,0,0,0,0,0,0,0,0,0,0,0,0,0,0,0,0,0,0,0
"Oceania, country not specified","2014",-1,0,-1,0,0,0,-1,0,-1,0,0,0,0,0,0,0,0,0,1,0,1,0,0,0,1,0,1
"Oceania, country not specified","2015",0,0,0,0,0,0,0,0,0,0,0,0,0,0,0,0,0,0,0,0,0,0,0,0,0,0,0
"Oceania, country not specified","2016",0,0,0,0,0,0,0,0,0,0,0,0,0,0,0,0,0,0,0,0,0,0,0,0,0,0,0
"Oceania, country not specified","2017",0,0,0,0,0,0,0,0,0,0,0,0,0,0,0,0,0,0,0,0,0,0,0,0,0,0,0
"Oceania, country not specified","2018",0,0,0,0,0,0,0,0,0,0,0,0,0,0,0,0,0,0,0,0,0,0,0,0,0,0,0
"Oceania, country not specified","2019",-1,0,-1,0,0,0,-1,0,-1,0,0,0,0,0,0,0,0,0,1,0,1,0,0,0,1,0,1
"Foreign country not specified","2004",-2,1,-3,-1,2,-3,-1,-1,0,4,4,0,3,3,0,1,1,0,6,3,3,4,1,3,2,2,0
"Foreign country not specified","2005",-13,-9,-4,-12,-7,-5,-1,-2,1,5,3,2,3,2,1,2,1,1,18,12,6,15,9,6,3,3,0
"Foreign country not specified","2006",-7,-4,-3,-8,-6,-2,1,2,-1,14,9,5,9,5,4,5,4,1,21,13,8,17,11,6,4,2,2
"Foreign country not specified","2007",-40,-21,-19,-40,-23,-17,0,2,-2,16,12,4,12,10,2,4,2,2,56,33,23,52,33,19,4,0,4
"Foreign country not specified","2008",-41,-22,-19,-33,-19,-14,-8,-3,-5,11,9,2,11,9,2,0,0,0,52,31,21,44,28,16,8,3,5
"Foreign country not specified","2009",-47,-30,-17,-33,-23,-10,-14,-7,-7,18,15,3,13,12,1,5,3,2,65,45,20,46,35,11,19,10,9
"Foreign country not specified","2010",-46,-25,-21,-33,-21,-12,-13,-4,-9,18,16,2,14,13,1,4,3,1,64,41,23,47,34,13,17,7,10
"Foreign country not specified","2011",-31,-12,-19,-31,-13,-18,0,1,-1,22,15,7,15,11,4,7,4,3,53,27,26,46,24,22,7,3,4
"Foreign country not specified","2012",-48,-33,-15,-28,-20,-8,-20,-13,-7,17,10,7,14,9,5,3,1,2,65,43,22,42,29,13,23,14,9
"Foreign country not specified","2013",-2,-3,1,-7,-6,-1,5,3,2,52,24,28,28,13,15,24,11,13,54,27,27,35,19,16,19,8,11
"Foreign country not specified","2014",-85,-47,-38,-50,-33,-17,-35,-14,-21,51,37,14,20,13,7,31,24,7,136,84,52,70,46,24,66,38,28
"Foreign country not specified","2015",-28,-16,-12,-16,-9,-7,-12,-7,-5,36,22,14,15,9,6,21,13,8,64,38,26,31,18,13,33,20,13
"Foreign country not specified","2016",-48,-19,-29,-14,-2,-12,-34,-17,-17,36,27,9,28,22,6,8,5,3,84,46,38,42,24,18,42,22,20
"Foreign country not specified","2017",-31,-24,-7,-69,-45,-24,38,21,17,82,53,29,35,26,9,47,27,20,113,77,36,104,71,33,9,6,3
"Foreign country not specified","2018",18,25,-7,-55,-30,-25,73,55,18,146,96,50,43,24,19,103,72,31,128,71,57,98,54,44,30,17,13
"Foreign country not specified","2019",91,63,28,-28,-21,-7,119,84,35,173,112,61,31,15,16,142,97,45,82,49,33,59,36,23,23,13,10
"Countries in former Yugoslavia, unspecified","2004",0,0,0,0,0,0,0,0,0,0,0,0,0,0,0,0,0,0,0,0,0,0,0,0,0,0,0
"Countries in former Yugoslavia, unspecified","2005",11,4,7,0,0,0,11,4,7,11,4,7,0,0,0,11,4,7,0,0,0,0,0,0,0,0,0
"Countries in former Yugoslavia, unspecified","2006",5,4,1,3,1,2,2,3,-1,6,4,2,3,1,2,3,3,0,1,0,1,0,0,0,1,0,1
"Countries in former Yugoslavia, unspecified","2007",-9,-5,-4,-1,-1,0,-8,-4,-4,5,2,3,0,0,0,5,2,3,14,7,7,1,1,0,13,6,7
"Countries in former Yugoslavia, unspecified","2008",-8,-7,-1,2,0,2,-10,-7,-3,6,4,2,4,2,2,2,2,0,14,11,3,2,2,0,12,9,3
"Countries in former Yugoslavia, unspecified","2009",-8,-4,-4,0,0,0,-8,-4,-4,1,0,1,0,0,0,1,0,1,9,4,5,0,0,0,9,4,5
"Countries in former Yugoslavia, unspecified","2010",0,0,0,0,0,0,0,0,0,1,1,0,0,0,0,1,1,0,1,1,0,0,0,0,1,1,0
"Countries in former Yugoslavia, unspecified","2011",-1,-1,0,0,0,0,-1,-1,0,0,0,0,0,0,0,0,0,0,1,1,0,0,0,0,1,1,0
"Countries in former Yugoslavia, unspecified","2012",0,-1,1,0,0,0,0,-1,1,1,0,1,0,0,0,1,0,1,1,1,0,0,0,0,1,1,0
"Countries in former Yugoslavia, unspecified","2013",1,0,1,1,0,1,0,0,0,2,1,1,1,0,1,1,1,0,1,1,0,0,0,0,1,1,0
"Countries in former Yugoslavia, unspecified","2014",-5,-1,-4,0,0,0,-5,-1,-4,0,0,0,0,0,0,0,0,0,5,1,4,0,0,0,5,1,4
"Countries in former Yugoslavia, unspecified","2015",1,1,0,1,1,0,0,0,0,1,1,0,1,1,0,0,0,0,0,0,0,0,0,0,0,0,0
"Countries in former Yugoslavia, unspecified","2016",2,0,2,0,0,0,2,0,2,2,0,2,0,0,0,2,0,2,0,0,0,0,0,0,0,0,0
"Countries in former Yugoslavia, unspecified","2017",1,0,1,0,0,0,1,0,1,1,0,1,0,0,0,1,0,1,0,0,0,0,0,0,0,0,0
"Countries in former Yugoslavia, unspecified","2018",1,1,0,0,0,0,1,1,0,1,1,0,0,0,0,1,1,0,0,0,0,0,0,0,0,0,0
"Countries in former Yugoslavia, unspecified","2019",0,0,0,0,0,0,0,0,0,0,0,0,0,0,0,0,0,0,0,0,0,0,0,0,0,0,0
"Yemen","2004",0,0,0,0,0,0,0,0,0,0,0,0,0,0,0,0,0,0,0,0,0,0,0,0,0,0,0
"Yemen","2005",0,0,0,0,0,0,0,0,0,0,0,0,0,0,0,0,0,0,0,0,0,0,0,0,0,0,0
"Yemen","2006",0,0,0,0,0,0,0,0,0,0,0,0,0,0,0,0,0,0,0,0,0,0,0,0,0,0,0
"Yemen","2007",0,0,0,0,0,0,0,0,0,0,0,0,0,0,0,0,0,0,0,0,0,0,0,0,0,0,0
"Yemen","2008",1,0,1,0,0,0,1,0,1,3,2,1,0,0,0,3,2,1,2,2,0,0,0,0,2,2,0
"Yemen","2009",0,0,0,0,0,0,0,0,0,1,1,0,0,0,0,1,1,0,1,1,0,0,0,0,1,1,0
"Yemen","2010",0,0,0,0,0,0,0,0,0,1,1,0,0,0,0,1,1,0,1,1,0,0,0,0,1,1,0
"Yemen","2011",0,0,0,0,0,0,0,0,0,0,0,0,0,0,0,0,0,0,0,0,0,0,0,0,0,0,0
"Yemen","2012",-1,0,-1,0,0,0,-1,0,-1,0,0,0,0,0,0,0,0,0,1,0,1,0,0,0,1,0,1
"Yemen","2013",0,0,0,0,0,0,0,0,0,0,0,0,0,0,0,0,0,0,0,0,0,0,0,0,0,0,0
"Yemen","2014",0,0,0,0,0,0,0,0,0,0,0,0,0,0,0,0,0,0,0,0,0,0,0,0,0,0,0
"Yemen","2015",0,0,0,0,0,0,0,0,0,0,0,0,0,0,0,0,0,0,0,0,0,0,0,0,0,0,0
"Yemen","2016",1,1,0,0,0,0,1,1,0,1,1,0,0,0,0,1,1,0,0,0,0,0,0,0,0,0,0
"Yemen","2017",0,0,0,0,0,0,0,0,0,0,0,0,0,0,0,0,0,0,0,0,0,0,0,0,0,0,0
"Yemen","2018",1,1,0,0,0,0,1,1,0,2,2,0,0,0,0,2,2,0,1,1,0,0,0,0,1,1,0
"Yemen","2019",5,2,3,0,0,0,5,2,3,5,2,3,0,0,0,5,2,3,0,0,0,0,0,0,0,0,0
"Yugoslavia (Serbia and Montenegro)","2004",35,24,11,1,1,0,34,23,11,41,27,14,5,3,2,36,24,12,6,3,3,4,2,2,2,1,1
"Yugoslavia (Serbia and Montenegro)","2005",0,0,0,0,0,0,0,0,0,0,0,0,0,0,0,0,0,0,0,0,0,0,0,0,0,0,0
"Yugoslavia (Serbia and Montenegro)","2006",0,0,0,0,0,0,0,0,0,0,0,0,0,0,0,0,0,0,0,0,0,0,0,0,0,0,0
"Yugoslavia (Serbia and Montenegro)","2007",0,0,0,0,0,0,0,0,0,0,0,0,0,0,0,0,0,0,0,0,0,0,0,0,0,0,0
"Yugoslavia (Serbia and Montenegro)","2008",0,0,0,0,0,0,0,0,0,0,0,0,0,0,0,0,0,0,0,0,0,0,0,0,0,0,0
"Yugoslavia (Serbia and Montenegro)","2009",0,0,0,0,0,0,0,0,0,0,0,0,0,0,0,0,0,0,0,0,0,0,0,0,0,0,0
"Yugoslavia (Serbia and Montenegro)","2010",0,0,0,0,0,0,0,0,0,0,0,0,0,0,0,0,0,0,0,0,0,0,0,0,0,0,0
"Yugoslavia (Serbia and Montenegro)","2011",0,0,0,0,0,0,0,0,0,0,0,0,0,0,0,0,0,0,0,0,0,0,0,0,0,0,0
"Yugoslavia (Serbia and Montenegro)","2012",0,0,0,0,0,0,0,0,0,0,0,0,0,0,0,0,0,0,0,0,0,0,0,0,0,0,0
"Yugoslavia (Serbia and Montenegro)","2013",0,0,0,0,0,0,0,0,0,0,0,0,0,0,0,0,0,0,0,0,0,0,0,0,0,0,0
"Yugoslavia (Serbia and Montenegro)","2014",0,0,0,0,0,0,0,0,0,0,0,0,0,0,0,0,0,0,0,0,0,0,0,0,0,0,0
"Yugoslavia (Serbia and Montenegro)","2015",0,0,0,0,0,0,0,0,0,0,0,0,0,0,0,0,0,0,0,0,0,0,0,0,0,0,0
"Yugoslavia (Serbia and Montenegro)","2016",0,0,0,0,0,0,0,0,0,0,0,0,0,0,0,0,0,0,0,0,0,0,0,0,0,0,0
"Yugoslavia (Serbia and Montenegro)","2017",0,0,0,0,0,0,0,0,0,0,0,0,0,0,0,0,0,0,0,0,0,0,0,0,0,0,0
"Yugoslavia (Serbia and Montenegro)","2018",0,0,0,0,0,0,0,0,0,0,0,0,0,0,0,0,0,0,0,0,0,0,0,0,0,0,0
"Yugoslavia (Serbia and Montenegro)","2019",0,0,0,0,0,0,0,0,0,0,0,0,0,0,0,0,0,0,0,0,0,0,0,0,0,0,0
"South Africa","2004",-11,-7,-4,-3,-3,0,-8,-4,-4,3,2,1,0,0,0,3,2,1,14,9,5,3,3,0,11,6,5
"South Africa","2005",2,3,-1,-1,0,-1,3,3,0,4,3,1,0,0,0,4,3,1,2,0,2,1,0,1,1,0,1
"South Africa","2006",9,7,2,6,5,1,3,2,1,9,7,2,6,5,1,3,2,1,0,0,0,0,0,0,0,0,0
"South Africa","2007",7,3,4,4,3,1,3,0,3,9,5,4,4,3,1,5,2,3,2,2,0,0,0,0,2,2,0
"South Africa","2008",-2,0,-2,-1,0,-1,-1,0,-1,3,3,0,1,1,0,2,2,0,5,3,2,2,1,1,3,2,1
"South Africa","2009",-2,-3,1,-7,-5,-2,5,2,3,6,3,3,0,0,0,6,3,3,8,6,2,7,5,2,1,1,0
"South Africa","2010",-3,-1,-2,-4,-3,-1,1,2,-1,3,2,1,1,0,1,2,2,0,6,3,3,5,3,2,1,0,1
"South Africa","2011",12,7,5,1,1,0,11,6,5,14,8,6,3,2,1,11,6,5,2,1,1,2,1,1,0,0,0
"South Africa","2012",0,3,-3,-8,-4,-4,8,7,1,13,8,5,4,1,3,9,7,2,13,5,8,12,5,7,1,0,1
"South Africa","2013",-6,-5,-1,3,2,1,-9,-7,-2,11,6,5,8,5,3,3,1,2,17,11,6,5,3,2,12,8,4
"South Africa","2014",0,-3,3,3,0,3,-3,-3,0,8,3,5,5,1,4,3,2,1,8,6,2,2,1,1,6,5,1
"South Africa","2015",4,2,2,3,3,0,1,-1,2,8,5,3,6,5,1,2,0,2,4,3,1,3,2,1,1,1,0
"South Africa","2016",1,5,-4,-3,0,-3,4,5,-1,9,7,2,2,2,0,7,5,2,8,2,6,5,2,3,3,0,3
"South Africa","2017",1,-1,2,2,2,0,-1,-3,2,7,2,5,3,2,1,4,0,4,6,3,3,1,0,1,5,3,2
"South Africa","2018",1,0,1,-2,-2,0,3,2,1,4,2,2,0,0,0,4,2,2,3,2,1,2,2,0,1,0,1
"South Africa","2019",5,5,0,2,2,0,3,3,0,8,7,1,2,2,0,6,5,1,3,2,1,0,0,0,3,2,1
"Zambia","2004",5,3,2,4,2,2,1,1,0,5,3,2,4,2,2,1,1,0,0,0,0,0,0,0,0,0,0
"Zambia","2005",0,0,0,0,0,0,0,0,0,0,0,0,0,0,0,0,0,0,0,0,0,0,0,0,0,0,0
"Zambia","2006",2,0,2,0,0,0,2,0,2,2,0,2,0,0,0,2,0,2,0,0,0,0,0,0,0,0,0
"Zambia","2007",1,0,1,0,0,0,1,0,1,1,0,1,0,0,0,1,0,1,0,0,0,0,0,0,0,0,0
"Zambia","2008",0,0,0,0,0,0,0,0,0,0,0,0,0,0,0,0,0,0,0,0,0,0,0,0,0,0,0
"Zambia","2009",0,0,0,0,0,0,0,0,0,1,1,0,0,0,0,1,1,0,1,1,0,0,0,0,1,1,0
"Zambia","2010",0,0,0,0,0,0,0,0,0,0,0,0,0,0,0,0,0,0,0,0,0,0,0,0,0,0,0
"Zambia","2011",1,0,1,0,0,0,1,0,1,1,0,1,0,0,0,1,0,1,0,0,0,0,0,0,0,0,0
"Zambia","2012",1,0,1,0,0,0,1,0,1,1,0,1,0,0,0,1,0,1,0,0,0,0,0,0,0,0,0
"Zambia","2013",-1,0,-1,0,0,0,-1,0,-1,0,0,0,0,0,0,0,0,0,1,0,1,0,0,0,1,0,1
"Zambia","2014",0,0,0,0,0,0,0,0,0,0,0,0,0,0,0,0,0,0,0,0,0,0,0,0,0,0,0
"Zambia","2015",0,0,0,0,0,0,0,0,0,0,0,0,0,0,0,0,0,0,0,0,0,0,0,0,0,0,0
"Zambia","2016",-1,-1,0,-1,-1,0,0,0,0,0,0,0,0,0,0,0,0,0,1,1,0,1,1,0,0,0,0
"Zambia","2017",0,0,0,0,0,0,0,0,0,0,0,0,0,0,0,0,0,0,0,0,0,0,0,0,0,0,0
"Zambia","2018",2,1,1,0,0,0,2,1,1,3,2,1,0,0,0,3,2,1,1,1,0,0,0,0,1,1,0
"Zambia","2019",1,0,1,0,0,0,1,0,1,1,0,1,0,0,0,1,0,1,0,0,0,0,0,0,0,0,0
"Zaire","2004",0,0,0,0,0,0,0,0,0,0,0,0,0,0,0,0,0,0,0,0,0,0,0,0,0,0,0
"Zaire","2005",0,0,0,0,0,0,0,0,0,0,0,0,0,0,0,0,0,0,0,0,0,0,0,0,0,0,0
"Zaire","2006",0,0,0,0,0,0,0,0,0,0,0,0,0,0,0,0,0,0,0,0,0,0,0,0,0,0,0
"Zaire","2007",0,0,0,0,0,0,0,0,0,0,0,0,0,0,0,0,0,0,0,0,0,0,0,0,0,0,0
"Zaire","2008",0,0,0,0,0,0,0,0,0,0,0,0,0,0,0,0,0,0,0,0,0,0,0,0,0,0,0
"Zaire","2009",0,0,0,0,0,0,0,0,0,0,0,0,0,0,0,0,0,0,0,0,0,0,0,0,0,0,0
"Zaire","2010",0,0,0,0,0,0,0,0,0,0,0,0,0,0,0,0,0,0,0,0,0,0,0,0,0,0,0
"Zaire","2011",0,0,0,0,0,0,0,0,0,0,0,0,0,0,0,0,0,0,0,0,0,0,0,0,0,0,0
"Zaire","2012",0,0,0,0,0,0,0,0,0,0,0,0,0,0,0,0,0,0,0,0,0,0,0,0,0,0,0
"Zaire","2013",0,0,0,0,0,0,0,0,0,0,0,0,0,0,0,0,0,0,0,0,0,0,0,0,0,0,0
"Zaire","2014",0,0,0,0,0,0,0,0,0,0,0,0,0,0,0,0,0,0,0,0,0,0,0,0,0,0,0
"Zaire","2015",0,0,0,0,0,0,0,0,0,0,0,0,0,0,0,0,0,0,0,0,0,0,0,0,0,0,0
"Zaire","2016",0,0,0,0,0,0,0,0,0,0,0,0,0,0,0,0,0,0,0,0,0,0,0,0,0,0,0
"Zaire","2017",0,0,0,0,0,0,0,0,0,0,0,0,0,0,0,0,0,0,0,0,0,0,0,0,0,0,0
"Zaire","2018",0,0,0,0,0,0,0,0,0,0,0,0,0,0,0,0,0,0,0,0,0,0,0,0,0,0,0
"Zaire","2019",0,0,0,0,0,0,0,0,0,0,0,0,0,0,0,0,0,0,0,0,0,0,0,0,0,0,0
"Zimbabwe","2004",0,0,0,0,0,0,0,0,0,0,0,0,0,0,0,0,0,0,0,0,0,0,0,0,0,0,0
"Zimbabwe","2005",0,0,0,0,0,0,0,0,0,0,0,0,0,0,0,0,0,0,0,0,0,0,0,0,0,0,0
"Zimbabwe","2006",0,0,0,0,0,0,0,0,0,0,0,0,0,0,0,0,0,0,0,0,0,0,0,0,0,0,0
"Zimbabwe","2007",0,0,0,0,0,0,0,0,0,0,0,0,0,0,0,0,0,0,0,0,0,0,0,0,0,0,0
"Zimbabwe","2008",0,0,0,0,0,0,0,0,0,0,0,0,0,0,0,0,0,0,0,0,0,0,0,0,0,0,0
"Zimbabwe","2009",0,0,0,0,0,0,0,0,0,0,0,0,0,0,0,0,0,0,0,0,0,0,0,0,0,0,0
"Zimbabwe","2010",0,0,0,0,0,0,0,0,0,0,0,0,0,0,0,0,0,0,0,0,0,0,0,0,0,0,0
"Zimbabwe","2011",0,0,0,0,0,0,0,0,0,0,0,0,0,0,0,0,0,0,0,0,0,0,0,0,0,0,0
"Zimbabwe","2012",0,0,0,0,0,0,0,0,0,0,0,0,0,0,0,0,0,0,0,0,0,0,0,0,0,0,0
"Zimbabwe","2013",0,0,0,0,0,0,0,0,0,0,0,0,0,0,0,0,0,0,0,0,0,0,0,0,0,0,0
"Zimbabwe","2014",1,0,1,0,0,0,1,0,1,1,0,1,0,0,0,1,0,1,0,0,0,0,0,0,0,0,0
"Zimbabwe","2015",1,1,0,0,0,0,1,1,0,1,1,0,0,0,0,1,1,0,0,0,0,0,0,0,0,0,0
"Zimbabwe","2016",0,0,0,0,0,0,0,0,0,0,0,0,0,0,0,0,0,0,0,0,0,0,0,0,0,0,0
"Zimbabwe","2017",0,0,0,0,0,0,0,0,0,0,0,0,0,0,0,0,0,0,0,0,0,0,0,0,0,0,0
"Zimbabwe","2018",0,0,0,0,0,0,0,0,0,0,0,0,0,0,0,0,0,0,0,0,0,0,0,0,0,0,0
"Zimbabwe","2019",3,3,0,0,0,0,3,3,0,3,3,0,0,0,0,3,3,0,0,0,0,0,0,0,0,0,0